InterCharacterGap=2
MaxCompressionLevel=0

32,1,16," "
0

0
0
0
0
0
0
0
0
0
0
0
0
0
0
0
0

33,2,16,"!"
00

11
11
11
11
11
11
11
11
11
11
00
11
11
00
00
00

34,9,16,"""
120000000

000110011
001100110
000000000
000000000
000000000
000000000
000000000
000000000
000000000
000000000
000000000
000000000
000000000
000000000
000000000
000000000

35,10,16,"#"
0000000000

0011001100
0011001100
1111111111
1111111111
0011001100
0011001100
0011001100
0011001100
0011001100
1111111111
1111111111
0011001100
0011001100
0000000000
0000000000
0000000000

36,8,16,"$"
00000000

00000000
00011000
01111110
11111111
11011011
11011000
11111110
01111111
00011011
11011011
11111111
01111110
00011000
00000000
00000000
00000000

37,7,16,"%"
0000000

0000001
0110001
0110011
0000011
0000110
0000110
0001100
0001100
0011000
0011000
0110000
0110011
1100011
1100000
0000000
0000000

38,12,16,"&"
0000000

000111000000
001111100000
011000110000
011000110000
001101100000
001111000000
011111000000
111011100110
110001110110
110000111110
111000111100
011111111110
001111100111
000000000000
000000000000
000000000000

39,2,16,"'"
00

11
11
01
10
00
00
00
00
00
00
00
00
00
00
00
00

40,4,16,"("
0000

0001
0011
0110
0110
0110
1100
1100
1100
1100
1100
1100
0110
0110
0110
0011
0001

41,4,16,")"
0000

1000
1100
0110
0110
0110
0011
0011
0011
0011
0011
0011
0110
0110
0110
1100
1000

42,10,16,"*"
0000000000

0000000000
0000000000
0000110000
1100110011
0110110110
0011111100
1111111111
1111111111
0011111100
0110110110
1100110011
0000110000
0000000000
0000000000
0000000000
0000000000

43,8,16,"+"
00000000

00000000
00000000
00000000
00011000
00011000
00011000
11111111
11111111
00011000
00011000
00011000
00000000
00000000
00000000
00000000
00000000

44,2,16,","
00

00
00
00
00
00
00
00
00
00
00
00
11
11
01
10
00

45,6,16,"-"
000000

000000
000000
000000
000000
000000
000000
111111
111111
000000
000000
000000
000000
000000
000000
000000
000000

46,2,16,"."
00

00
00
00
00
00
00
00
00
00
00
00
11
11
00
00
00

47,8,16,"/"
00000000

00000011
00000011
00000110
00000110
00001100
00001100
00011000
00011000
00110000
00110000
01100000
01100000
11000000
11000000
00000000
00000000


48,10,16,"0"
0005670000

0011111100
0111111110
1110000111
1100000011
1100000011
1100000011
1100000011
1100000011
1100000011
1100000011
1110000111
0111111110
0011111100
0000000000
0000000000
0000000000

49,4,16,"1"
0000

0011
0111
1111
1111
0011
0011
0011
0011
0011
0011
0011
0011
0011
0000
0000
0000

50,9,16,"2"
000000000

001111100
011111110
111000111
110000011
110000011
000000111
000001110
000011100
000111000
001110000
011100000
111111111
111111111
000000000
000000000
000000000

51,9,16,"3"
000560000

001111100
011111110
111000111
110000011
110000111
000111110
000111110
000000111
110000011
110000011
111000111
011111110
001111100
000000000
000000000
000000000

52,10,16,"4"
0000000000

0000001100
0000011100
0000111100
0001111100
0011101100
0111001100
1110001100
1100001100
1111111111
1111111111
0000001100
0000001100
0000001100
0000000000
0000000000
0000000000

53,9,16,"5"
000560000

111111110
111111110
110000000
110000000
110111100
111111110
111000111
000000011
000000011
110000011
110000011
011111110
001111100
000000000
000000000
000000000

54,9,16,"6"
000560000

001111100
011111110
111000111
110000000
110111100
111111110
111000111
110000011
110000011
110000011
111000111
011111110
001111100
000000000
000000000
000000000

55,9,16,"7"
560000000

111111111
111111111
000000111
000000110
000001110
000001100
000011100
000011000
000111000
000110000
001110000
001100000
001100000
000000000
000000000
000000000

56,10,16,"8"
0005600000

0011111100
0111111110
0110000110
0110000110
0110000110
0011111100
0111111110
1110000111
1100000011
1100000011
1110000111
0111111110
0011111100
0000000000
0000000000
0000000000

57,9,16,"9"
000560000

001111100
011111110
111000111
110000011
110000011
111000111
011111111
001111011
000000011
000000011
111000111
011111110
001111100
000000000
000000000
000000000

58,2,16,":"
00

00
00
00
11
11
00
00
11
11
00
00
00
00
00
00
00

59,3,16,";"
000

000
000
000
011
011
000
000
011
011
110
000
000
000
000
000
000

60,8,16,"<"
00000000

00000011
00000110
00001100
00011000
00110000
01100000
11000000
01100000
00110000
00011000
00001100
00000110
00000011
00000000
00000000
00000000

61,6,16,"="
000000

000000
000000
000000
000000
111111
111111
000000
000000
111111
111111
000000
000000
000000
000000
000000
000000

62,8,16,">"
00000000

11000000
01100000
00110000
00011000
00001100
00000110
00000011
00000110
00001100
00011000
00110000
01100000
11000000
00000000
00000000
00000000

63,9,16,"?"
000000000

001111100
011111110
111000111
110000011
000000011
000000110
000001100
000011000
000110000
000110000
000000000
000110000
000110000
000000000
000000000
000000000

64,12,16,"@"
000000000000

000011110000
001111111100
011100001110
110000000011
110011110011
110111111011
110110011011
110111111011
110011101110
110000000000
011100000000
001111111100
000011111000
000000000000
000000000000
000000000000

65,11,16,"A"
00000000000

00001110000
00001110000
00011011000
00011011000
00110001100
00110001100
00110001100
01100000110
01111111110
01111111110
11000000011
11000000011
11000000011
00000000000
00000000000
00000000000

66,10,16,"B"
0067000000

1111111100
1111111110
1100000110
1100000110
1100000110
1111111100
1111111110
1100000111
1100000011
1100000011
1100000111
1111111110
1111111100
0000000000
0000000000
0000000000

67,10,16,"C"
00006700000

0001111100
0011111110
0111000111
0110000011
1100000000
1100000000
1100000000
1100000000
1100000000
0110000011
0111000111
0011111110
0001111100
0000000000
0000000000
0000000000

68,11,16,"D"
00670000000

11111111000
11111111100
11000001110
11000000111
11000000011
11000000011
11000000011
11000000011
11000000011
11000000111
11000001110
11111111100
11111111000
00000000000
00000000000
00000000000

69,8,16,"E"
00000000

11111111
11111111
11000000
11000000
11000000
11111111
11111111
11000000
11000000
11000000
11000000
11111111
11111111
00000000
00000000
00000000

70,8,16,"F"
00000000

11111111
11111111
11000000
11000000
11000000
11111110
11111110
11000000
11000000
11000000
11000000
11000000
11000000
00000000
00000000
00000000

71,11,16,"G"
00000000000

00011111100
00111111110
01110000111
11100000011
11000000000
11000000000
11000000000
11000011111
11000011111
11100000011
01110000111
00111111111
00011111011
00000000000
00000000000
00000000000

72,9,16,"H"
007000000

110000011
110000011
110000011
110000011
110000011
111111111
111111111
110000011
110000011
110000011
110000011
110000011
110000011
000000000
000000000
000000000

73,2,16,"I"
00

11
11
11
11
11
11
11
11
11
11
11
11
11
00
00
00

74,4,16,"J"
0000

0011
0011
0011
0011
0011
0011
0011
0011
0011
0011
0011
1111
1110
0000
0000
0000

75,10,16,"K"
0000000000

1100000011
1100000110
1100001100
1100011000
1100110000
1101100000
1111100000
1111100000
1110110000
1100011000
1100001100
1100000110
1100000011
0000000000
0000000000
0000000000

76,9,16,"L"
007000000

110000000
110000000
110000000
110000000
110000000
110000000
110000000
110000000
110000000
110000000
110000000
111111111
111111111
000000000
000000000
000000000

77,13,16,"M"
0000000000000

1110000000111
1110000000111
1111000001111
1111000001111
1111000001111
1101100011011
1101100011011
1101100011011
1100110110011
1100110110011
1100111110011
1100011100011
1100011100011
0000000000000
0000000000000
0000000000000

78,11,16,"N"
00000000000

11110000011
11110000011
11011000011
11011000011
11011100011
11001100011
11001110011
11000110011
11000111011
11000011011
11000011111
11000001111
11000001111
00000000000
00000000000
00000000000

79,11,16,"O"
00006070000

00011111000
00111111100
01110001110
01100000110
11000000011
11000000011
11000000011
11000000011
11000000011
01100000110
01110001110
00111111100
00011111000
00000000000
00000000000
00000000000

80,9,16,"P"
007000000

111111100
111111110
110000111
110000011
110000011
110000111
111111110
111111100
110000000
110000000
110000000
110000000
110000000
000000000
000000000
000000000

81,12,16,"Q"
000067000000

000011111000
001111111100
011100001110
011000000110
110000000011
110000000011
110000000011
110000000011
110000000011
011000000110
011100001110
001111111110
000111110111
000000000010
000000000000
000000000000

82,9,16,"R"
007000000

111111100
111111110
110000111
110000011
110000011
110000110
111111110
111111111
110000111
110000011
110000011
110000011
110000011
000000000
000000000
000000000

83,10,16,"S"
0006700000

0011111100
0111111110
1110000110
1100000011
1100000000
1111111100
0111111110
0000000111
0000000011
1100000011
1110000111
0111111110
0011111100
0000000000
0000000000
0000000000

84,10,16,"T"
7000000007

1111111111
1111111111
0000110000
0000110000
0000110000
0000110000
0000110000
0000110000
0000110000
0000110000
0000110000
0000110000
0000110000
0000000000
0000000000
0000000000

85,10,16,"U"
0006700000

1100000011
1100000011
1100000011
1100000011
1100000011
1100000011
1100000011
1100000011
1100000011
1100000011
1110000111
0111111110
0011111100
0000000000
0000000000
0000000000

86,11,16,"V"
00000000000

11000000011
11000000011
01100000110
01100000110
01100000110
00110001100
00110001100
00110001100
00011011000
00011011000
00011011000
00001110000
00001110000
00000000000
00000000000
00000000000

87,16,16,"W"
0000000000000000

1100000110000011
1100000110000011
0110001111000110
0110001111000110
0110001111000110
0011011001101100
0011011001101100
0011011001101100
0001111001111000
0001110000111000
0001110000111000
0000110000110000
0000110000110000
0000000000000000
0000000000000000
0000000000000000

88,9,16,"X"
000000000

110000011
110000011
011000110
011000110
001101100
001101100
000111000
001101100
001101100
011000110
011000110
110000011
110000011
000000000
000000000
000000000

89,10,16,"Y"
0000000000

1100000011
1100000011
0110000110
0110000110
0011001100
0011001100
0001111000
0001111000
0000110000
0000110000
0000110000
0000110000
0000110000
0000000000
0000000000
0000000000

90,10,16,"Z"
0000000000

1111111111
1111111111
0000000011
0000000111
0000001110
0000011100
0000111000
0001110000
0011100000
0111000000
1110000000
1111111111
1111111111
0000000000
0000000000
0000000000

91,6,16,"["
000067

111111
111111
110000
110000
110000
110000
110000
110000
110000
110000
110000
111111
111111
000000
000000
000000

92,8,16,"\"
00000000

11000000
11000000
01100000
01100000
00110000
00110000
00011000
00011000
00001100
00001100
00000110
00000110
00000011
00000011
00000000
00000000

93,6,16,"]"
670000

111111
111111
000011
000011
000011
000011
000011
000011
000011
000011
000011
111111
111111
000000
000000
000000

94,10,16,"^"
0000000000

0000110000
0001111000
0011111100
0110110110
1100110011
0000110000
0000110000
0000110000
0000110000
0000110000
0000110000
0000110000
0000110000
0000000000
0000000000
0000000000

95,9,16,"_"
006780000

000000000
000000000
000000000
000000000
000000000
000000000
000000000
000000000
000000000
000000000
000000000
111111111
111111111
000000000
000000000
000000000

97,7,16,"a"
00500000

0000000
0000000
0000000
0111110
1111111
1100011
0000011
0111111
1111011
1100011
1100011
1111111
0111110
0000000
0000000
0000000


98,8,16,"b"
000600000

11000000
11000000
11000000
11011100
11111110
11100111
11000011
11000011
11000011
11000011
11100111
11111110
11011100
00000000
00000000
00000000


99,8,16,"c"
000600000

00000000
00000000
00000000
00111100
01111110
11100111
11000011
11000000
11000000
11000011
11100111
01111110
00111100
00000000
00000000
00000000

100,8,16,"d"
000600000

00000011
00000011
00000011
00111011
01111111
11100111
11000011
11000011
11000011
11000011
11100111
01111111
00111011
00000000
00000000
00000000

101,8,16,"e"
000500000

00000000
00000000
00000000
00111100
01111110
11100111
11000011
11111111
11111111
11000000
11100111
01111110
00111100
00000000
00000000
00000000

102,5,16,"f"
00000

00111
01111
01100
11111
11111
01100
01100
01100
01100
01100
01100
01100
01100
00000
00000
00000

103,8,16,"g"
000600000

00000000
00000000
00000000
00111011
01111111
11100111
11000011
11000011
11000011
11000011
11100111
01111111
00111011
00000011
01111110
00111100

104,8,16,"h"
00060000

11000000
11000000
11000000
11011110
11111111
11100011
11000011
11000011
11000011
11000011
11000011
11000011
11000011
00000000
00000000
00000000

105,2,16,"i"
00

11
11
00
11
11
11
11
11
11
11
11
11
11
00
00
00

106,4,16,"j"
0000

0000
0000
0000
0011
0011
0000
0011
0011
0011
0011
0011
0011
0011
0011
1111
1110

107,9,16,"k"
006000000

110000000
110000000
110000000
110000110
110001100
110011000
110110000
111100000
110110000
110011000
110001100
110000110
110000011
000000000
000000000
000000000

108,2,16,"l"
00

11
11
11
11
11
11
11
11
11
11
11
11
11
00
00
00

109,12,16,"m"
000060000600

000000000000
000000000000
000000000000
110111101110
111111111111
111011110111
110001100011
110001100011
110001100011
110001100011
110001100011
110001100011
110001100011
000000000000
000000000000
000000000000

110,7,16,"n"
00060000

0000000
0000000
0000000
1101110
1111111
1110011
1100011
1100011
1100011
1100011
1100011
1100011
1100011
0000000
0000000
0000000

111,8,16,"o"
000500000

00000000
00000000
00000000
00111100
01111110
11100111
11000011
11000011
11000011
11000011
11100111
01111110
00111100
00000000
00000000
00000000

112,8,16,"p"
000600000

00000000
00000000
00000000
11011100
11111110
11100111
11000011
11000011
11000011
11000011
11100111
11111110
11011100
11000000
11000000
11000000

113,8,16,"q"
000600000

00000000
00000000
00000000
00111011
01111111
11100111
11000011
11000011
11000011
11000011
11100111
01111111
00111011
00000011
00000011
00000011

114,5,16,"r"
00000

00000
00000
00000
11011
11111
11100
11000
11000
11000
11000
11000
11000
11000
00000
00000
00000

115,8,16,"s"
00670000

00000000
00000000
00000000
01111110
11111111
11000011
11000000
11111110
01111111
00000011
11000011
11111111
01111110
00000000
00000000
00000000

116,6,16,"t"
000000

001100
001100
001100
111111
111111
001100
001100
001100
001100
001100
001100
001111
000111
000000
000000
000000

117,8,16,"u"
00500000

00000000
00000000
00000000
11000011
11000011
11000011
11000011
11000011
11000011
11000011
11000111
11111111
01111011
00000000
00000000
00000000

118,9,16,"v"
000000000

000000000
000000000
000000000
110000011
110000011
011000110
011000110
011000110
001101100
001101100
001101100
000111000
000111000
000000000
000000000
000000000

119,15,16,"w"
000000000000000

000000000000000
000000000000000
000000000000000
110000010000011
110000010000011
011000111000110
011000111000110
011000111000110
001101101101100
001101101101100
001101101101100
000111000111000
000111000111000
000000000000000
000000000000000
000000000000000

120,7,16,"x"
0000000

0000000
0000000
0000000
1100011
1100011
0110110
0110110
0011100
0011100
0110110
0110110
1100011
1100011
0000000
0000000
0000000

121,11,16,"y"
00000000000

00000000000
00000000000
00000000000
11000000011
11000000011
01100000110
01100000110
00110001100
00110001100
00011011000
00011011000
00001110000
00001110000
00001100000
01111100000
01111000000

122,8,16,"z"
00000000

00000000
00000000
00000000
11111111
11111111
00000011
00000110
00001100
00011000
00110000
01100000
11111111
11111111
00000000
00000000
00000000

123,6,16,"{"
000000

000011
000110
001100
001100
001100
011000
110000
011000
001100
001100
001100
000110
000011
000000
000000
000000

124,2,16,"|"
00

11
11
11
11
11
11
00
11
11
11
11
11
11
00
00
00

125,6,16,"}"
000000

110000
011000
001100
001100
001100
000110
000011
000110
001100
001100
001100
011000
110000
000000
000000
000000

126,16,16,"~"
0000000000000000

0000000000000000
0110000000000000
0111000000001110
0011100001111100
0001111111111000
0000111111100000
0000111111100000
0000111110000000
0000111110000000
0001110011100011
0001110001111110
0001100000111000
0011100000111100
0011000000101100
0010000001100000
0000000001000000

