10 ([block])	11111111	11111111	11111111	11111111	11111111	11111111	11111111	11111111	11111111	11111111	11111111	11111111	11111111	11111111	11111111	11111111	11111111	11111111	11111111	11111111	11111111	11111111	11111111	11111111	11111111	11111111	11111111	11111111	11111111	11111111	11111111	11111111
11 (==) 2ND HALF OF BR LOGO	00000000	00000000	00000000	00000000	00000000	00000000	11000000	00000000	11111111	11000000	11111111	11000000	11000000	00000000	00000000	00000000	00000000	00000000	00000000	00000000	11111111	11000000	11111111	11000000	00000000	00000000	00000000	00000000	00000000	00000000	11000000	00000000
12 () 2nd half of left arrow	00000000	00000000	00000000	00000000	00000000	00000000	00000000	00000000	00000000	00000000	11110000	00000000	11110000	00000000	11110000	00000000	11110000	00000000	11110000	00000000	00000000	00000000	00000000	00000000	00000000	00000000	00000000	00000000	00000000	00000000	00000000	00000000
13 (2nd half of right arrow)	00000000	00000000	00000000	00000000	00000000	00000000	00000000	00000000	10000000	00000000	11000000	00000000	11100000	00000000	11110000	00000000	11100000	00000000	11000000	00000000	10000000	00000000	00000000	00000000	00000000	00000000	00000000	00000000	00000000	00000000	00000000	00000000
14 ($)	00000000	00000000	00011000	00000000	01111110	00000000	11111111	00000000	11011011	00000000	11011000	00000000	11111110	00000000	01111111	00000000	00011011	00000000	11011011	00000000	11111111	00000000	01111110	00000000	00011000	00000000	00000000	00000000	00000000	00000000	00000000	00000000
15 (%)	00000011	00000000	01100011	00000000	01100110	00000000	00000110	00000000	00001100	00000000	00001100	00000000	00011000	00000000	00011000	00000000	00110000	00000000	00110000	00000000	01100000	00000000	01100110	00000000	11000110	00000000	11000000	00000000	00000000	00000000	00000000	00000000
16 (&)	00000000	00000000	00000000	00000000	00000000	00000000	00000000	00000000	00000000	00000000	00000000	00000000	00000000	00000000	00000000	00000000	00000000	00000000	00000000	00000000	00000000	00000000	00000000	00000000	00000000	00000000	00000000	00000000	00000000	00000000	00000000	00000000
17 (')	11000000	00000000	11000000	00000000	01000000	00000000	10000000	00000000	00000000	00000000	00000000	00000000	00000000	00000000	00000000	00000000	00000000	00000000	00000000	00000000	00000000	00000000	00000000	00000000	00000000	00000000	00000000	00000000	00000000	00000000	00000000	00000000
18 (()	00011000	00000000	00110000	00000000	01100000	00000000	01100000	00000000	01100000	00000000	11000000	00000000	11000000	00000000	11000000	00000000	11000000	00000000	11000000	00000000	11000000	00000000	01100000	00000000	01100000	00000000	01100000	00000000	00110000	00000000	00011000	00000000
19 ())	11000000	00000000	01100000	00000000	00110000	00000000	00110000	00000000	00110000	00000000	00011000	00000000	00011000	00000000	00011000	00000000	00011000	00000000	00011000	00000000	00011000	00000000	00110000	00000000	00110000	00000000	00110000	00000000	01100000	00000000	11000000	00000000
1A (*)	00000000	00000000	00000000	00000000	00001100	00000000	11001100	11000000	01101101	10000000	00111111	00000000	11111111	11000000	11111111	11000000	00111111	00000000	01101101	10000000	11001100	11000000	00001100	00000000	00000000	00000000	00000000	00000000	00000000	00000000	00000000	00000000
1B (+)	00000000	00000000	00000000	00000000	00000000	00000000	00000000	00000000	00011000	00000000	00011000	00000000	00011000	00000000	11111111	00000000	11111111	00000000	00011000	00000000	00011000	00000000	00011000	00000000	00000000	00000000	00000000	00000000	00000000	00000000	00000000	00000000
1C (,)	00000000	00000000	00000000	00000000	00000000	00000000	00000000	00000000	00000000	00000000	00000000	00000000	00000000	00000000	00000000	00000000	00000000	00000000	11000000	00000000	00000000	00000000	11000000	00000000	01000000	00000000	10000000	00000000	00000000	00000000	00000000	00000000
1D (-)	00000000	00000000	00000000	00000000	00000000	00000000	00000000	00000000	00000000	00000000	00000000	00000000	00000000	00000000	11111100	00000000	11111100	00000000	00000000	00000000	00000000	00000000	00000000	00000000	00000000	00000000	00000000	00000000	00000000	00000000	00000000	00000000
1E (.)	00000000	00000000	00000000	00000000	00000000	00000000	00000000	00000000	00000000	00000000	00000000	00000000	00000000	00000000	00000000	00000000	00000000	00000000	00000000	00000000	00000000	00000000	11000000	00000000	11000000	00000000	00000000	00000000	00000000	00000000	00000000	00000000
1F ( )	00000000	00000000	00000000	00000000	00000000	00000000	00000000	00000000	00000000	00000000	00000000	00000000	00000000	00000000	00000000	00000000	00000000	00000000	00000000	00000000	00000000	00000000	00000000	00000000	00000000	00000000	00000000	00000000	00000000	00000000	00000000	00000000
20 ( )	00000000	00000000	00000000	00000000	00000000	00000000	00000000	00000000	00000000	00000000	00000000	00000000	00000000	00000000	00000000	00000000	00000000	00000000	00000000	00000000	00000000	00000000	00000000	00000000	00000000	00000000	00000000	00000000	00000000	00000000	00000000	00000000
21 (!)	11000000	00000000	11000000	00000000	11000000	00000000	11000000	00000000	11000000	00000000	11000000	00000000	11000000	00000000	11000000	00000000	11000000	00000000	11000000	00000000	00000000	00000000	11000000	00000000	11000000	00000000	00000000	00000000	00000000	00000000	00000000	00000000
22 (")	00011001	10000000	00110011	00000000	00000000	00000000	00000000	00000000	00000000	00000000	00000000	00000000	00000000	00000000	00000000	00000000	00000000	00000000	00000000	00000000	00000000	00000000	00000000	00000000	00000000	00000000	00000000	00000000	00000000	00000000	00000000	00000000
23 (#)	00110011	00000000	00110011	00000000	11111111	11000000	11111111	11000000	00110011	00000000	00110011	00000000	00110011	00000000	00110011	00000000	00110011	00000000	11111111	11000000	11111111	11000000	00110011	00000000	00110011	00000000	00000000	00000000	00000000	00000000	00000000	00000000
24 ($)	00000000	00000000	00011000	00000000	01111110	00000000	11111111	00000000	11011011	00000000	11011000	00000000	11111110	00000000	01111111	00000000	00011011	00000000	11011011	00000000	11111111	00000000	01111110	00000000	00011000	00000000	00000000	00000000	00000000	00000000	00000000	00000000
25 (%)	00000011	00000000	01100011	00000000	01100110	00000000	00000110	00000000	00001100	00000000	00001100	00000000	00011000	00000000	00011000	00000000	00110000	00000000	00110000	00000000	01100000	00000000	01100110	00000000	11000110	00000000	11000000	00000000	00000000	00000000	00000000	00000000
26 (&)	00000000	00000000	00000000	00000000	00000000	00000000	00000000	00000000	00000000	00000000	00000000	00000000	00000000	00000000	00000000	00000000	00000000	00000000	00000000	00000000	00000000	00000000	00000000	00000000	00000000	00000000	00000000	00000000	00000000	00000000	00000000	00000000
27 (')	11000000	00000000	11000000	00000000	01000000	00000000	10000000	00000000	00000000	00000000	00000000	00000000	00000000	00000000	00000000	00000000	00000000	00000000	00000000	00000000	00000000	00000000	00000000	00000000	00000000	00000000	00000000	00000000	00000000	00000000	00000000	00000000
28 (()	00011000	00000000	00110000	00000000	01100000	00000000	01100000	00000000	01100000	00000000	11000000	00000000	11000000	00000000	11000000	00000000	11000000	00000000	11000000	00000000	11000000	00000000	01100000	00000000	01100000	00000000	01100000	00000000	00110000	00000000	00011000	00000000
29 ())	11000000	00000000	01100000	00000000	00110000	00000000	00110000	00000000	00110000	00000000	00011000	00000000	00011000	00000000	00011000	00000000	00011000	00000000	00011000	00000000	00011000	00000000	00110000	00000000	00110000	00000000	00110000	00000000	01100000	00000000	11000000	00000000
2A (*)	00000000	00000000	00000000	00000000	00001100	00000000	11001100	11000000	01101101	10000000	00111111	00000000	11111111	11000000	11111111	11000000	00111111	00000000	01101101	10000000	11001100	11000000	00001100	00000000	00000000	00000000	00000000	00000000	00000000	00000000	00000000	00000000
2B (+)	00000000	00000000	00000000	00000000	00000000	00000000	00000000	00000000	00011000	00000000	00011000	00000000	00011000	00000000	11111111	00000000	11111111	00000000	00011000	00000000	00011000	00000000	00011000	00000000	00000000	00000000	00000000	00000000	00000000	00000000	00000000	00000000
2C (,)	00000000	00000000	00000000	00000000	00000000	00000000	00000000	00000000	00000000	00000000	00000000	00000000	00000000	00000000	00000000	00000000	00000000	00000000	11000000	00000000	11000000	00000000	01000000	00000000	10000000	00000000	00000000	00000000	00000000	00000000	00000000	00000000
2D (-)	00000000	00000000	00000000	00000000	00000000	00000000	00000000	00000000	00000000	00000000	00000000	00000000	00000000	00000000	11111100	00000000	11111100	00000000	00000000	00000000	00000000	00000000	00000000	00000000	00000000	00000000	00000000	00000000	00000000	00000000	00000000	00000000
2E (.)	00000000	00000000	00000000	00000000	00000000	00000000	00000000	00000000	00000000	00000000	00000000	00000000	00000000	00000000	00000000	00000000	00000000	00000000	00000000	00000000	00000000	00000000	11000000	00000000	11000000	00000000	00000000	00000000	00000000	00000000	00000000	00000000
2F (/ or down left arrow )	00000000	00000100	00000000	00001110	00001000	00011111	00011000	00111110	00111000	01111100	01111000	11111000	11111001	11110000	11111011	11100000	11111111	11000000	11111111	10000000	11111111	00000000	11111111	11111100	11111111	11111000	11111111	11110000	11111111	11100000	11111111	11000000
30 (0)	00111111	00000000	01111111	10000000	11100001	10000000	11000000	11000000	11000000	11000000	11000000	11000000	11000000	11000000	11000000	11000000	11000000	11000000	11000000	11000000	11100001	11000000	01111111	10000000	00111111	00000000	00000000	00000000	00000000	00000000	00000000	00000000
31 (1)	00110000	00000000	01110000	00000000	11110000	00000000	11110000	00000000	00110000	00000000	00110000	00000000	00110000	00000000	00110000	00000000	00110000	00000000	00110000	00000000	00110000	00000000	00110000	00000000	00110000	00000000	00000000	00000000	00000000	00000000	00000000	00000000
32 (2)	00111110	00000000	01111111	00000000	11100011	10000000	11000001	10000000	11000001	10000000	00000011	10000000	00000111	00000000	00001110	00000000	00011100	00000000	00111000	00000000	01110000	00000000	11111111	10000000	11111111	10000000	00000000	00000000	00000000	00000000	00000000	00000000
33 (3)	00111110	00000000	01111111	00000000	11100011	10000000	11000001	10000000	11000011	10000000	00011111	00000000	00011111	00000000	00000011	10000000	11000001	10000000	11000001	10000000	11100001	10000000	01111111	00000000	00111110	00000000	00000000	00000000	00000000	00000000	00000000	00000000
34 (4)	00000001	10000000	00000011	10000000	00000111	10000000	00001111	10000000	00011101	10000000	00111001	10000000	01110001	10000000	11100001	10000000	11000001	10000000	11111111	11100000	11111111	11100000	00000001	10000000	00000001	10000000	00000000	00000000	00000000	00000000	00000000	00000000
35 (5)	11111111	00000000	11111111	00000000	11000000	00000000	11000000	00000000	11011110	00000000	11111111	00000000	11100011	10000000	00000001	10000000	00000001	10000000	11000001	10000000	11000001	10000000	01111111	00000000	00111110	00000000	00000000	00000000	00000000	00000000	00000000	00000000
36 (6)	00111110	00000000	01111111	00000000	11100011	10000000	11000000	00000000	11011110	00000000	11111111	00000000	11100011	10000000	11000001	10000000	11000001	10000000	11000001	10000000	11100011	10000000	01111111	00000000	00111110	00000000	00000000	00000000	00000000	00000000	00000000	00000000
37 (7)	11111111	10000000	11111111	10000000	00000011	10000000	00000011	00000000	00000111	00000000	00000110	00000000	00001110	00000000	00001100	00000000	00011100	00000000	00011000	00000000	00111000	00000000	00110000	00000000	00110000	00000000	00000000	00000000	00000000	00000000	00000000	00000000
38 (8)	00111111	00000000	01111111	10000000	01100001	10000000	01100001	10000000	01100001	10000000	00111111	00000000	01111111	10000000	11100001	11000000	11000000	11000000	11000000	11000000	11100001	11000000	01111111	10000000	00111111	00000000	00000000	00000000	00000000	00000000	00000000	00000000
39 (9)	00111110	00000000	01111111	00000000	11100011	10000000	11000001	10000000	11000001	10000000	11100011	10000000	01111111	10000000	00111101	10000000	00000001	10000000	00000001	10000000	11100011	10000000	01111111	00000000	00111110	00000000	00000000	00000000	00000000	00000000	00000000	00000000
3A (:)	00000000	00000000	00000000	00000000	00000000	00000000	11000000	00000000	11000000	00000000	00000000	00000000	00000000	00000000	11000000	00000000	11000000	00000000	00000000	00000000	00000000	00000000	00000000	00000000	00000000	00000000	00000000	00000000	00000000	00000000	00000000	00000000
3B (;)	00000000	00000000	00000000	00000000	00000000	00000000	01100000	00000000	01100000	00000000	00000000	00000000	00000000	00000000	01100000	00000000	01100000	00000000	11000000	00000000	00000000	00000000	00000000	00000000	00000000	00000000	00000000	00000000	00000000	00000000	00000000	00000000
3C (< or left arrow)  2nd half on character 12	00000001	00000000	00000011	00000000	00000111	00000000	00001111	00000000	00011111	00000000	00111111	11111111	01111111	11111111	11111111	11111111	01111111	11111111	00111111	11111111	00011111	00000000	00001111	00000000	00000111	00000000	00000011	00000000	00000001	00000000	00000000	00000000
3D (= 1st half of BR logo)	00000000	11110000	00000000	00111100	00000000	00001111	00000000	00000011	11111111	11111111	11111111	11111111	00000000	00000011	00000000	00001111	00000000	00111100	00000000	11110000	11111111	11111111	11111111	11111111	00000000	11110000	00000000	00111100	00000000	00001111	00000000	00000011
3E (> or right arrow, 2nd half on character 13)	00000000	00001000	00000000	00001100	00000000	00001110	00000000	00001111	00000000	00001111	11111111	11111111	11111111	11111111	11111111	11111111	11111111	11111111	11111111	11111111	00000000	00001111	00000000	00001111	00000000	00001110	00000000	00001100	00000000	00001000	00000000	00000000
3F (?)	00111110	00000000	01111111	00000000	11100011	10000000	11000001	10000000	00000001	10000000	00000011	00000000	00000110	00000000	00001100	00000000	00011000	00000000	00011000	00000000	00000000	00000000	00011000	00000000	00011000	00000000	00000000	00000000	00000000	00000000	00000000	00000000
40 (@) LUL logo	00000000	00000000	00000011	11000000	00001111	11110000	00011100	00111000	00110000	00001100	00110000	00001100	11111111	11111111	11111111	11111111	11111111	11111111	00110000	00001100	00110000	00001100	00011100	00111000	00001111	11110000	00000011	11000000	00000000	00000000	00000000	00000000
41 (A)	00001110	00000000	00001110	00000000	00011011	00000000	00011011	00000000	00110001	10000000	00110001	10000000	00110001	10000000	01100000	11000000	01111111	11000000	01111111	11000000	11000000	01100000	11000000	01100000	11000000	01100000	00000000	00000000	00000000	00000000	00000000	00000000
42 (B)	11111111	00000000	11111111	10000000	11000001	10000000	11000001	10000000	11000001	10000000	11111111	00000000	11111111	10000000	11000001	11000000	11000000	11000000	11000000	11000000	11000001	11000000	11111111	10000000	11111111	00000000	00000000	00000000	00000000	00000000	00000000	00000000
43 (C)	00011111	10000000	00111111	11000000	01110000	11100000	01100000	01100000	11000000	00000000	11000000	00000000	11000000	00000000	11000000	00000000	11000000	00000000	01100000	01100000	01110000	11100000	00111111	11000000	00011111	10000000	00000000	00000000	00000000	00000000	00000000	00000000
44 (D)	11111111	00000000	11111111	10000000	11000001	11000000	11000000	11100000	11000000	01100000	11000000	01100000	11000000	01100000	11000000	01100000	11000000	01100000	11000000	11100000	11000001	11000000	11111111	10000000	11111111	00000000	00000000	00000000	00000000	00000000	00000000	00000000
45 (E)	11111111	10000000	11111111	10000000	11000000	00000000	11000000	00000000	11000000	00000000	11111111	10000000	11111111	10000000	11000000	00000000	11000000	00000000	11000000	00000000	11000000	00000000	11111111	10000000	11111111	10000000	00000000	00000000	00000000	00000000	00000000	00000000
46 (F)	11111111	00000000	11111111	00000000	11000000	00000000	11000000	00000000	11000000	00000000	11111110	00000000	11111110	00000000	11000000	00000000	11000000	00000000	11000000	00000000	11000000	00000000	11000000	00000000	11000000	00000000	00000000	00000000	00000000	00000000	00000000	00000000
47 (G)	00011111	10000000	00111111	11000000	01110000	11100000	11100000	01100000	11000000	00000000	11000000	00000000	11000000	00000000	11000011	11100000	11000011	11100000	11100000	01100000	01110000	11100000	00111111	11100000	00011111	01100000	00000000	00000000	00000000	00000000	00000000	00000000
48 (H)	11000001	10000000	11000001	10000000	11000001	10000000	11000001	10000000	11000001	10000000	11111111	10000000	11111111	10000000	11000001	10000000	11000001	10000000	11000001	10000000	11000001	10000000	11000001	10000000	11000001	10000000	00000000	00000000	00000000	00000000	00000000	00000000
49 (I)	11000000	00000000	11000000	00000000	11000000	00000000	11000000	00000000	11000000	00000000	11000000	00000000	11000000	00000000	11000000	00000000	11000000	00000000	11000000	00000000	11000000	00000000	11000000	00000000	11000000	00000000	00000000	00000000	00000000	00000000	00000000	00000000
4A (J)	00110000	00000000	00110000	00000000	00110000	00000000	00110000	00000000	00110000	00000000	00110000	00000000	00110000	00000000	00110000	00000000	00110000	00000000	00110000	00000000	00110000	00000000	11110000	00000000	11100000	00000000	00000000	00000000	00000000	00000000	00000000	00000000
4B (K)	11000000	11000000	11000001	10000000	11000011	00000000	11000110	00000000	11001100	00000000	11011000	00000000	11111000	00000000	11111000	00000000	11101100	00000000	11000110	00000000	11000011	00000000	11000001	10000000	11000000	11000000	00000000	00000000	00000000	00000000	00000000	00000000
4C (L)	11000000	00000000	11000000	00000000	11000000	00000000	11000000	00000000	11000000	00000000	11000000	00000000	11000000	00000000	11000000	00000000	11000000	00000000	11000000	00000000	11000000	00000000	11111111	10000000	11111111	10000000	00000000	00000000	00000000	00000000	00000000	00000000
4D (M)	11100000	00111000	11100000	00111000	11110000	01111000	11110000	01111000	11110000	01111000	11011000	11011000	11011000	11011000	11011000	11011000	11001101	10011000	11001101	10011000	11001111	10011000	11000111	00011000	11000111	00011000	00000000	00000000	00000000	00000000	00000000	00000000
4E (N)	11110000	01100000	11110000	01100000	11011000	01100000	11011000	01100000	11011100	01100000	11001100	01100000	11001110	01100000	11000110	01100000	11000111	01100000	11000011	01100000	11000011	11100000	11000001	11100000	11000001	11100000	00000000	00000000	00000000	00000000	00000000	00000000
4F (O)	00011111	00000000	00111111	10000000	01110001	11000000	01100000	11000000	11000000	01100000	11000000	01100000	11000000	01100000	11000000	01100000	11000000	01100000	01100000	11000000	01110001	11000000	00111111	10000000	00011111	00000000	00000000	00000000	00000000	00000000	00000000	00000000
50 (P)	11111110	00000000	11111111	00000000	11000011	10000000	11000001	10000000	11000001	10000000	11000011	10000000	11111111	00000000	11111110	00000000	11000000	00000000	11000000	00000000	11000000	00000000	11000000	00000000	11000000	00000000	00000000	00000000	00000000	00000000	00000000	00000000
51 (Q)	00001111	10000000	00111111	11000000	01110000	11100000	01100000	01100000	11000000	00110000	11000000	00110000	11000000	00110000	11000000	00110000	11000000	00110000	01100000	01100000	01110000	11100000	00111111	11100000	00011111	01110000	00000000	00100000	00000000	00000000	00000000	00000000
52 (R)	11111110	00000000	11111111	00000000	11000011	10000000	11000001	10000000	11000001	10000000	11000011	00000000	11111111	00000000	11111111	10000000	11000011	10000000	11000001	10000000	11000001	10000000	11000001	10000000	11000001	10000000	00000000	00000000	00000000	00000000	00000000	00000000
53 (S)	00111111	00000000	01111111	10000000	11100001	10000000	11000000	11000000	11000000	00000000	11111111	00000000	01111111	10000000	00000001	11000000	00000000	11000000	11000000	11000000	11100001	11000000	01111111	10000000	00111111	00000000	00000000	00000000	00000000	00000000	00000000	00000000
54 (T)	11111111	11000000	11111111	11000000	00001100	00000000	00001100	00000000	00001100	00000000	00001100	00000000	00001100	00000000	00001100	00000000	00001100	00000000	00001100	00000000	00001100	00000000	00001100	00000000	00001100	00000000	00000000	00000000	00000000	00000000	00000000	00000000
55 (U)	11000000	11000000	11000000	11000000	11000000	11000000	11000000	11000000	11000000	11000000	11000000	11000000	11000000	11000000	11000000	11000000	11000000	11000000	11000000	11000000	11100001	11000000	01111111	10000000	00111111	00000000	00000000	00000000	00000000	00000000	00000000	00000000
56 (V)	11000000	01100000	11000000	01100000	01100000	11000000	01100000	11000000	01100000	11000000	00110001	10000000	00110001	10000000	00110001	10000000	00011011	00000000	00011011	00000000	00011011	00000000	00001110	00000000	00001110	00000000	00000000	00000000	00000000	00000000	00000000	00000000
57 (W)	11000001	10000011	11000001	10000011	01100011	11000110	01100011	11000110	01100011	11000110	00110110	01101100	00110110	01101100	00110110	01101100	00011110	01111000	00011100	00111000	00011100	00111000	00001100	00110000	00001100	00110000	00000000	00000000	00000000	00000000	00000000	00000000
58 (X)	11000001	10000000	11000001	10000000	01100011	00000000	01100011	00000000	00110110	00000000	00110110	00000000	00011100	00000000	00110110	00000000	00110110	00000000	01100011	00000000	01100011	00000000	11000001	10000000	11000001	10000000	00000000	00000000	00000000	00000000	00000000	00000000
59 (Y)	11000000	11000000	11000000	11000000	01100001	10000000	01100001	10000000	00110011	00000000	00110011	00000000	00011110	00000000	00011110	00000000	00001100	00000000	00001100	00000000	00001100	00000000	00001100	00000000	00001100	00000000	00000000	00000000	00000000	00000000	00000000	00000000
5A (Z)	11111111	11000000	11111111	11000000	00000000	11000000	00000001	11000000	00000011	10000000	00000111	00000000	00001110	00000000	00011100	00000000	00111000	00000000	01110000	00000000	11100000	00000000	11111111	11000000	11111111	11000000	00000000	00000000	00000000	00000000	00000000	00000000
5B ([)	11111100	00000000	11111100	00000000	11000000	00000000	11000000	00000000	11000000	00000000	11000000	00000000	11000000	00000000	11000000	00000000	11000000	00000000	11000000	00000000	11000000	00000000	11111100	00000000	11111100	00000000	00000000	00000000	00000000	00000000	00000000	00000000
5C (\)	11000000	00000000	11000000	00000000	01100000	00000000	01100000	00000000	00110000	00000000	00110000	00000000	00011000	00000000	00011000	00000000	00001100	00000000	00001100	00000000	00000110	00000000	00000110	00000000	00000011	00000000	00000011	00000000	00000000	00000000	00000000	00000000
5D (])	11111100	00000000	11111100	00000000	00001100	00000000	00001100	00000000	00001100	00000000	00001100	00000000	00001100	00000000	00001100	00000000	00001100	00000000	00001100	00000000	00001100	00000000	11111100	00000000	11111100	00000000	00000000	00000000	00000000	00000000	00000000	00000000
5E (^)	00001100	00000000	00011110	00000000	00111111	00000000	01101101	10000000	11001100	11000000	00001100	00000000	00001100	00000000	00001100	00000000	00001100	00000000	00001100	00000000	00001100	00000000	00001100	00000000	00001100	00000000	00000000	00000000	00000000	00000000	00000000	00000000
5F (_)	00000000	00000000	00000000	00000000	00000000	00000000	00000000	00000000	00000000	00000000	00000000	00000000	00000000	00000000	00000000	00000000	00000000	00000000	00000000	00000000	00000000	00000000	11111111	10000000	11111111	10000000	00000000	00000000	00000000	00000000	00000000	00000000
60 (`)	00000000	00000000	00000000	00000000	00000000	00000000	00000000	00000000	00000000	00000000	00000000	00000000	00000000	00000000	00000000	00000000	00000000	00000000	00000000	00000000	00000000	00000000	00000000	00000000	00000000	00000000	00000000	00000000	00000000	00000000	00000000	00000000
61 (a)	00000000	00000000	00000000	00000000	00000000	00000000	01111110	00000000	11111111	00000000	11000011	00000000	00000011	00000000	01111111	00000000	11111011	00000000	11000011	00000000	11000011	00000000	11111111	00000000	01111011	00000000	00000000	00000000	00000000	00000000	00000000	00000000
62 (b)	11000000	00000000	11000000	00000000	11000000	00000000	11011110	00000000	11111111	00000000	11100011	10000000	11000001	10000000	11000001	10000000	11000001	10000000	11000001	10000000	11100011	10000000	11111111	00000000	11011110	00000000	00000000	00000000	00000000	00000000	00000000	00000000
63 (c)	00000000	00000000	00000000	00000000	00000000	00000000	00111110	00000000	01111111	00000000	11100011	10000000	11000001	10000000	11000000	00000000	11000000	00000000	11000001	10000000	11100011	10000000	01111111	00000000	00111110	00000000	00000000	00000000	00000000	00000000	00000000	00000000
64 (d)	00000001	10000000	00000001	10000000	00000001	10000000	00111101	10000000	01111111	10000000	11100011	10000000	11000001	10000000	11000001	10000000	11000001	10000000	11000001	10000000	11100011	10000000	01111111	10000000	00111101	10000000	00000000	00000000	00000000	00000000	00000000	00000000
65 (e)	00000000	00000000	00000000	00000000	00000000	00000000	00111110	00000000	01111111	00000000	11100011	10000000	11000001	10000000	11111111	10000000	11111111	10000000	11000000	00000000	11100011	10000000	01111111	00000000	00111110	00000000	00000000	00000000	00000000	00000000	00000000	00000000
66 (f)	00111000	00000000	01111000	00000000	01100000	00000000	11111000	00000000	11111000	00000000	01100000	00000000	01100000	00000000	01100000	00000000	01100000	00000000	01100000	00000000	01100000	00000000	01100000	00000000	01100000	00000000	00000000	00000000	00000000	00000000	00000000	00000000
67 (g)	00000000	00000000	00000000	00000000	00000000	00000000	00111101	10000000	01111111	10000000	11100011	10000000	11000001	10000000	11000001	10000000	11000001	10000000	11100011	10000000	01111111	10000000	00111101	10000000	00000001	10000000	11000011	10000000	01111111	00000000	00111110	00000000
68 (h)	11000000	00000000	11000000	00000000	11000000	00000000	11011110	00000000	11111111	00000000	11100011	00000000	11000011	00000000	11000011	00000000	11000011	00000000	11000011	00000000	11000011	00000000	11000011	00000000	11000011	00000000	00000000	00000000	00000000	00000000	00000000	00000000
69 (i)	11000000	00000000	11000000	00000000	00000000	00000000	11000000	00000000	11000000	00000000	11000000	00000000	11000000	00000000	11000000	00000000	11000000	00000000	11000000	00000000	11000000	00000000	11000000	00000000	11000000	00000000	00000000	00000000	00000000	00000000	00000000	00000000
6A (j)	00000000	00000000	00000000	00000000	00000000	00000000	00110000	00000000	00110000	00000000	00000000	00000000	00110000	00000000	00110000	00000000	00110000	00000000	00110000	00000000	00110000	00000000	00110000	00000000	00110000	00000000	00110000	00000000	11110000	00000000	11100000	00000000
6B (k)	11000000	00000000	11000000	00000000	11000000	00000000	11000011	00000000	11000110	00000000	11001100	00000000	11011000	00000000	11110000	00000000	11011000	00000000	11001100	00000000	11000110	00000000	11000011	00000000	11000001	10000000	00000000	00000000	00000000	00000000	00000000	00000000
6C (l)	11000000	00000000	11000000	00000000	11000000	00000000	11000000	00000000	11000000	00000000	11000000	00000000	11000000	00000000	11000000	00000000	11000000	00000000	11000000	00000000	11000000	00000000	11000000	00000000	11000000	00000000	00000000	00000000	00000000	00000000	00000000	00000000
6D (m)	00000000	00000000	00000000	00000000	00000000	00000000	11011110	11100000	11111111	11110000	11101111	01110000	11000110	00110000	11000110	00110000	11000110	00110000	11000110	00110000	11000110	00110000	11000110	00110000	11000110	00110000	00000000	00000000	00000000	00000000	00000000	00000000
6E (n)	00000000	00000000	00000000	00000000	00000000	00000000	11011110	00000000	11111111	00000000	11100011	00000000	11000011	00000000	11000011	00000000	11000011	00000000	11000011	00000000	11000011	00000000	11000011	00000000	11000011	00000000	00000000	00000000	00000000	00000000	00000000	00000000
6F (o)	00000000	00000000	00000000	00000000	00000000	00000000	00111110	00000000	01111111	00000000	11100011	10000000	11000001	10000000	11000001	10000000	11000001	10000000	11000001	10000000	11100011	10000000	01111111	00000000	00111110	00000000	00000000	00000000	00000000	00000000	00000000	00000000
70 (p)	00000000	00000000	00000000	00000000	00000000	00000000	11011110	00000000	11111111	00000000	11100011	10000000	11000001	10000000	11000001	10000000	11000001	10000000	11000001	10000000	11100011	10000000	11111111	00000000	11011110	00000000	11000000	00000000	11000000	00000000	11000000	00000000
71 (q)	00000000	00000000	00000000	00000000	00000000	00000000	00111101	10000000	01111111	10000000	11100011	10000000	11000001	10000000	11000001	10000000	11000001	10000000	11000001	10000000	11100011	10000000	01111111	10000000	00111101	10000000	00000001	10000000	00000001	10000000	00000001	10000000
72 (r)	00000000	00000000	00000000	00000000	00000000	00000000	11011000	00000000	11111000	00000000	11100000	00000000	11000000	00000000	11000000	00000000	11000000	00000000	11000000	00000000	11000000	00000000	11000000	00000000	11000000	00000000	00000000	00000000	00000000	00000000	00000000	00000000
73 (s)	00000000	00000000	00000000	00000000	00000000	00000000	01111110	00000000	11111111	00000000	11000011	00000000	11000000	00000000	11111110	00000000	01111111	00000000	00000011	00000000	11000011	00000000	11111111	00000000	01111110	00000000	00000000	00000000	00000000	00000000	00000000	00000000
74 (t)	00110000	00000000	00110000	00000000	00110000	00000000	11111100	00000000	11111100	00000000	00110000	00000000	00110000	00000000	00110000	00000000	00110000	00000000	00110000	00000000	00110000	00000000	00111100	00000000	00011100	00000000	00000000	00000000	00000000	00000000	00000000	00000000
75 (u)	00000000	00000000	00000000	00000000	00000000	00000000	11000011	00000000	11000011	00000000	11000011	00000000	11000011	00000000	11000011	00000000	11000011	00000000	11000011	00000000	11000111	00000000	11111111	00000000	01111011	00000000	00000000	00000000	00000000	00000000	00000000	00000000
76 (v)	00000000	00000000	00000000	00000000	00000000	00000000	11000001	10000000	11100001	10000000	01100011	00000000	01100011	00000000	01100011	00000000	00110110	00000000	00110110	00000000	00110110	00000000	00011100	00000000	00011100	00000000	00000000	00000000	00000000	00000000	00000000	00000000
77 (w)	00000000	00000000	00000000	00000000	00000000	00000000	11000001	00000110	11000001	00000110	01100011	10001100	01100011	10001100	01100011	10001100	00110110	11011000	00110110	11011000	00110110	11011000	00011100	01110000	00011100	01110000	00000000	00000000	00000000	00000000	00000000	00000000
78 (x)	00000000	00000000	00000000	00000000	00000000	00000000	11000110	00000000	11000110	00000000	01101100	00000000	01101100	00000000	00111000	00000000	00111000	00000000	01101100	00000000	01101100	00000000	11000110	00000000	11000110	00000000	00000000	00000000	00000000	00000000	00000000	00000000
79 (y)	00000000	00000000	00000000	00000000	00000000	00000000	11000000	01100000	11000000	01100000	01100000	11000000	01100000	11000000	00110001	10000000	00110001	10000000	00011011	00000000	00011011	00000000	00001110	00000000	00001110	00000000	00001100	00000000	01111100	00000000	01111000	00000000
7A (z)	00000000	00000000	00000000	00000000	00000000	00000000	11111111	00000000	11111111	00000000	00000011	00000000	00000110	00000000	00001100	00000000	00011000	00000000	00110000	00000000	01100000	00000000	11111111	00000000	11111111	00000000	00000000	00000000	00000000	00000000	00000000	00000000
7B ({)	00001100	00000000	00011000	00000000	00110000	00000000	00110000	00000000	00110000	00000000	01100000	00000000	11000000	00000000	01100000	00000000	00110000	00000000	00110000	00000000	00110000	00000000	00011000	00000000	00001100	00000000	00000000	00000000	00000000	00000000	00000000	00000000
7C (|) used for left marker, replaced by 10	11000000	00000000	11000000	00000000	11000000	00000000	11000000	00000000	11000000	00000000	11000000	00000000	00000000	00000000	11000000	00000000	11000000	00000000	11000000	00000000	11000000	00000000	11000000	00000000	11000000	00000000	00000000	00000000	00000000	00000000	00000000	00000000
7D (})	11000000	00000000	01100000	00000000	00110000	00000000	00110000	00000000	00110000	00000000	00011000	00000000	00001100	00000000	00011000	00000000	00110000	00000000	00110000	00000000	00110000	00000000	01100000	00000000	11000000	00000000	00000000	00000000	00000000	00000000	00000000	00000000
7E (~) Plane symbol	00000000	00000000	01100000	00000000	01110000	00001110	00111000	01111100	00011111	11111000	00001111	11100000	00001111	11100000	00001111	10000000	00001111	10000000	00011100	11100011	00011100	01111110	00011000	00111000	00111000	00111100	00110000	00101100	00100000	01100000	00000000	01000000
7F ( )	00000000	00000000	00000000	00000000	00000000	00000000	00000000	00000000	00000000	00000000	00000000	00000000	00000000	00000000	00000000	00000000	00000000	00000000	00000000	00000000	00000000	00000000	00000000	00000000	00000000	00000000	00000000	00000000	00000000	00000000	00000000	00000000
