10 ([block])	 	 	 	 	 	 	 	 	 	 	 	 	 	 	 	 
 	1	1	1	1	1	1	1	1	1	1	1	1	1	1	1	1
 	1	1	1	1	1	1	1	1	1	1	1	1	1	1	1	1
 	1	1	1	1	1	1	1	1	1	1	1	1	1	1	1	1
 	1	1	1	1	1	1	1	1	1	1	1	1	1	1	1	1
 	1	1	1	1	1	1	1	1	1	1	1	1	1	1	1	1
 	1	1	1	1	1	1	1	1	1	1	1	1	1	1	1	1
 	1	1	1	1	1	1	1	1	1	1	1	1	1	1	1	1
 	1	1	1	1	1	1	1	1	1	1	1	1	1	1	1	1
 	1	1	1	1	1	1	1	1	1	1	1	1	1	1	1	1
 	1	1	1	1	1	1	1	1	1	1	1	1	1	1	1	1
 	1	1	1	1	1	1	1	1	1	1	1	1	1	1	1	1
 	1	1	1	1	1	1	1	1	1	1	1	1	1	1	1	1
 	1	1	1	1	1	1	1	1	1	1	1	1	1	1	1	1
 	1	1	1	1	1	1	1	1	1	1	1	1	1	1	1	1
 	1	1	1	1	1	1	1	1	1	1	1	1	1	1	1	1
 	1	1	1	1	1	1	1	1	1	1	1	1	1	1	1	1


11 (==) 2ND HALF OF BR LOGO	 	 	 	 	 	 	 	 	 	 	 	 	 	 	 	 
 	0	0	0	0	0	0	0	0	0	0	0	0	0	0	0	0
 	0	0	0	0	0	0	0	0	0	0	0	0	0	0	0	0
 	0	0	0	0	0	0	0	0	0	0	0	0	0	0	0	0
 	1	1	0	0	0	0	0	0	0	0	0	0	0	0	0	0
 	1	1	1	1	1	1	1	1	1	1	0	0	0	0	0	0
 	1	1	1	1	1	1	1	1	1	1	0	0	0	0	0	0
 	1	1	0	0	0	0	0	0	0	0	0	0	0	0	0	0
 	0	0	0	0	0	0	0	0	0	0	0	0	0	0	0	0
 	0	0	0	0	0	0	0	0	0	0	0	0	0	0	0	0
 	0	0	0	0	0	0	0	0	0	0	0	0	0	0	0	0
 	1	1	1	1	1	1	1	1	1	1	0	0	0	0	0	0
 	1	1	1	1	1	1	1	1	1	1	0	0	0	0	0	0
 	0	0	0	0	0	0	0	0	0	0	0	0	0	0	0	0
 	0	0	0	0	0	0	0	0	0	0	0	0	0	0	0	0
 	0	0	0	0	0	0	0	0	0	0	0	0	0	0	0	0
 	1	1	0	0	0	0	0	0	0	0	0	0	0	0	0	0


12 () 2nd half of left arrow	 	 	 	 	 	 	 	 	 	 	 	 	 	 	 	 
 	0	0	0	0	0	0	0	0	0	0	0	0	0	0	0	0
 	0	0	0	0	0	0	0	0	0	0	0	0	0	0	0	0
 	0	0	0	0	0	0	0	0	0	0	0	0	0	0	0	0
 	0	0	0	0	0	0	0	0	0	0	0	0	0	0	0	0
 	0	0	0	0	0	0	0	0	0	0	0	0	0	0	0	0
 	1	1	1	1	0	0	0	0	0	0	0	0	0	0	0	0
 	1	1	1	1	0	0	0	0	0	0	0	0	0	0	0	0
 	1	1	1	1	0	0	0	0	0	0	0	0	0	0	0	0
 	1	1	1	1	0	0	0	0	0	0	0	0	0	0	0	0
 	1	1	1	1	0	0	0	0	0	0	0	0	0	0	0	0
 	0	0	0	0	0	0	0	0	0	0	0	0	0	0	0	0
 	0	0	0	0	0	0	0	0	0	0	0	0	0	0	0	0
 	0	0	0	0	0	0	0	0	0	0	0	0	0	0	0	0
 	0	0	0	0	0	0	0	0	0	0	0	0	0	0	0	0
 	0	0	0	0	0	0	0	0	0	0	0	0	0	0	0	0
 	0	0	0	0	0	0	0	0	0	0	0	0	0	0	0	0


13 (2nd half of right arrow)	 	 	 	 	 	 	 	 	 	 	 	 	 	 	 	 
 	0	0	0	0	0	0	0	0	0	0	0	0	0	0	0	0
 	0	0	0	0	0	0	0	0	0	0	0	0	0	0	0	0
 	0	0	0	0	0	0	0	0	0	0	0	0	0	0	0	0
 	0	0	0	0	0	0	0	0	0	0	0	0	0	0	0	0
 	1	0	0	0	0	0	0	0	0	0	0	0	0	0	0	0
 	1	1	0	0	0	0	0	0	0	0	0	0	0	0	0	0
 	1	1	1	0	0	0	0	0	0	0	0	0	0	0	0	0
 	1	1	1	1	0	0	0	0	0	0	0	0	0	0	0	0
 	1	1	1	0	0	0	0	0	0	0	0	0	0	0	0	0
 	1	1	0	0	0	0	0	0	0	0	0	0	0	0	0	0
 	1	0	0	0	0	0	0	0	0	0	0	0	0	0	0	0
 	0	0	0	0	0	0	0	0	0	0	0	0	0	0	0	0
 	0	0	0	0	0	0	0	0	0	0	0	0	0	0	0	0
 	0	0	0	0	0	0	0	0	0	0	0	0	0	0	0	0
 	0	0	0	0	0	0	0	0	0	0	0	0	0	0	0	0
 	0	0	0	0	0	0	0	0	0	0	0	0	0	0	0	0


14 ($)	 	 	 	 	 	 	 	 	 	 	 	 	 	 	 	 
 	0	0	0	0	0	0	0	0	0	0	0	0	0	0	0	0
 	0	0	0	1	1	0	0	0	0	0	0	0	0	0	0	0
 	0	1	1	1	1	1	1	0	0	0	0	0	0	0	0	0
 	1	1	1	1	1	1	1	1	0	0	0	0	0	0	0	0
 	1	1	0	1	1	0	1	1	0	0	0	0	0	0	0	0
 	1	1	0	1	1	0	0	0	0	0	0	0	0	0	0	0
 	1	1	1	1	1	1	1	0	0	0	0	0	0	0	0	0
 	0	1	1	1	1	1	1	1	0	0	0	0	0	0	0	0
 	0	0	0	1	1	0	1	1	0	0	0	0	0	0	0	0
 	1	1	0	1	1	0	1	1	0	0	0	0	0	0	0	0
 	1	1	1	1	1	1	1	1	0	0	0	0	0	0	0	0
 	0	1	1	1	1	1	1	0	0	0	0	0	0	0	0	0
 	0	0	0	1	1	0	0	0	0	0	0	0	0	0	0	0
 	0	0	0	0	0	0	0	0	0	0	0	0	0	0	0	0
 	0	0	0	0	0	0	0	0	0	0	0	0	0	0	0	0
 	0	0	0	0	0	0	0	0	0	0	0	0	0	0	0	0


15 (%)	 	 	 	 	 	 	 	 	 	 	 	 	 	 	 	 
 	0	0	0	0	0	0	1	1	0	0	0	0	0	0	0	0
 	0	1	1	0	0	0	1	1	0	0	0	0	0	0	0	0
 	0	1	1	0	0	1	1	0	0	0	0	0	0	0	0	0
 	0	0	0	0	0	1	1	0	0	0	0	0	0	0	0	0
 	0	0	0	0	1	1	0	0	0	0	0	0	0	0	0	0
 	0	0	0	0	1	1	0	0	0	0	0	0	0	0	0	0
 	0	0	0	1	1	0	0	0	0	0	0	0	0	0	0	0
 	0	0	0	1	1	0	0	0	0	0	0	0	0	0	0	0
 	0	0	1	1	0	0	0	0	0	0	0	0	0	0	0	0
 	0	0	1	1	0	0	0	0	0	0	0	0	0	0	0	0
 	0	1	1	0	0	0	0	0	0	0	0	0	0	0	0	0
 	0	1	1	0	0	1	1	0	0	0	0	0	0	0	0	0
 	1	1	0	0	0	1	1	0	0	0	0	0	0	0	0	0
 	1	1	0	0	0	0	0	0	0	0	0	0	0	0	0	0
 	0	0	0	0	0	0	0	0	0	0	0	0	0	0	0	0
 	0	0	0	0	0	0	0	0	0	0	0	0	0	0	0	0


16 (&)	 	 	 	 	 	 	 	 	 	 	 	 	 	 	 	 
 	0	0	0	0	0	0	0	0	0	0	0	0	0	0	0	0
 	0	0	0	0	0	0	0	0	0	0	0	0	0	0	0	0
 	0	0	0	0	0	0	0	0	0	0	0	0	0	0	0	0
 	0	0	0	0	0	0	0	0	0	0	0	0	0	0	0	0
 	0	0	0	0	0	0	0	0	0	0	0	0	0	0	0	0
 	0	0	0	0	0	0	0	0	0	0	0	0	0	0	0	0
 	0	0	0	0	0	0	0	0	0	0	0	0	0	0	0	0
 	0	0	0	0	0	0	0	0	0	0	0	0	0	0	0	0
 	0	0	0	0	0	0	0	0	0	0	0	0	0	0	0	0
 	0	0	0	0	0	0	0	0	0	0	0	0	0	0	0	0
 	0	0	0	0	0	0	0	0	0	0	0	0	0	0	0	0
 	0	0	0	0	0	0	0	0	0	0	0	0	0	0	0	0
 	0	0	0	0	0	0	0	0	0	0	0	0	0	0	0	0
 	0	0	0	0	0	0	0	0	0	0	0	0	0	0	0	0
 	0	0	0	0	0	0	0	0	0	0	0	0	0	0	0	0
 	0	0	0	0	0	0	0	0	0	0	0	0	0	0	0	0


17 (')	 	 	 	 	 	 	 	 	 	 	 	 	 	 	 	 
 	1	1	0	0	0	0	0	0	0	0	0	0	0	0	0	0
 	1	1	0	0	0	0	0	0	0	0	0	0	0	0	0	0
 	0	1	0	0	0	0	0	0	0	0	0	0	0	0	0	0
 	1	0	0	0	0	0	0	0	0	0	0	0	0	0	0	0
 	0	0	0	0	0	0	0	0	0	0	0	0	0	0	0	0
 	0	0	0	0	0	0	0	0	0	0	0	0	0	0	0	0
 	0	0	0	0	0	0	0	0	0	0	0	0	0	0	0	0
 	0	0	0	0	0	0	0	0	0	0	0	0	0	0	0	0
 	0	0	0	0	0	0	0	0	0	0	0	0	0	0	0	0
 	0	0	0	0	0	0	0	0	0	0	0	0	0	0	0	0
 	0	0	0	0	0	0	0	0	0	0	0	0	0	0	0	0
 	0	0	0	0	0	0	0	0	0	0	0	0	0	0	0	0
 	0	0	0	0	0	0	0	0	0	0	0	0	0	0	0	0
 	0	0	0	0	0	0	0	0	0	0	0	0	0	0	0	0
 	0	0	0	0	0	0	0	0	0	0	0	0	0	0	0	0
 	0	0	0	0	0	0	0	0	0	0	0	0	0	0	0	0


18 (()	 	 	 	 	 	 	 	 	 	 	 	 	 	 	 	 
 	0	0	0	1	1	0	0	0	0	0	0	0	0	0	0	0
 	0	0	1	1	0	0	0	0	0	0	0	0	0	0	0	0
 	0	1	1	0	0	0	0	0	0	0	0	0	0	0	0	0
 	0	1	1	0	0	0	0	0	0	0	0	0	0	0	0	0
 	0	1	1	0	0	0	0	0	0	0	0	0	0	0	0	0
 	1	1	0	0	0	0	0	0	0	0	0	0	0	0	0	0
 	1	1	0	0	0	0	0	0	0	0	0	0	0	0	0	0
 	1	1	0	0	0	0	0	0	0	0	0	0	0	0	0	0
 	1	1	0	0	0	0	0	0	0	0	0	0	0	0	0	0
 	1	1	0	0	0	0	0	0	0	0	0	0	0	0	0	0
 	1	1	0	0	0	0	0	0	0	0	0	0	0	0	0	0
 	0	1	1	0	0	0	0	0	0	0	0	0	0	0	0	0
 	0	1	1	0	0	0	0	0	0	0	0	0	0	0	0	0
 	0	1	1	0	0	0	0	0	0	0	0	0	0	0	0	0
 	0	0	1	1	0	0	0	0	0	0	0	0	0	0	0	0
 	0	0	0	1	1	0	0	0	0	0	0	0	0	0	0	0


19 ())	 	 	 	 	 	 	 	 	 	 	 	 	 	 	 	 
 	1	1	0	0	0	0	0	0	0	0	0	0	0	0	0	0
 	0	1	1	0	0	0	0	0	0	0	0	0	0	0	0	0
 	0	0	1	1	0	0	0	0	0	0	0	0	0	0	0	0
 	0	0	1	1	0	0	0	0	0	0	0	0	0	0	0	0
 	0	0	1	1	0	0	0	0	0	0	0	0	0	0	0	0
 	0	0	0	1	1	0	0	0	0	0	0	0	0	0	0	0
 	0	0	0	1	1	0	0	0	0	0	0	0	0	0	0	0
 	0	0	0	1	1	0	0	0	0	0	0	0	0	0	0	0
 	0	0	0	1	1	0	0	0	0	0	0	0	0	0	0	0
 	0	0	0	1	1	0	0	0	0	0	0	0	0	0	0	0
 	0	0	0	1	1	0	0	0	0	0	0	0	0	0	0	0
 	0	0	1	1	0	0	0	0	0	0	0	0	0	0	0	0
 	0	0	1	1	0	0	0	0	0	0	0	0	0	0	0	0
 	0	0	1	1	0	0	0	0	0	0	0	0	0	0	0	0
 	0	1	1	0	0	0	0	0	0	0	0	0	0	0	0	0
 	1	1	0	0	0	0	0	0	0	0	0	0	0	0	0	0


1A (*)	 	 	 	 	 	 	 	 	 	 	 	 	 	 	 	 
 	0	0	0	0	0	0	0	0	0	0	0	0	0	0	0	0
 	0	0	0	0	0	0	0	0	0	0	0	0	0	0	0	0
 	0	0	0	0	1	1	0	0	0	0	0	0	0	0	0	0
 	1	1	0	0	1	1	0	0	1	1	0	0	0	0	0	0
 	0	1	1	0	1	1	0	1	1	0	0	0	0	0	0	0
 	0	0	1	1	1	1	1	1	0	0	0	0	0	0	0	0
 	1	1	1	1	1	1	1	1	1	1	0	0	0	0	0	0
 	1	1	1	1	1	1	1	1	1	1	0	0	0	0	0	0
 	0	0	1	1	1	1	1	1	0	0	0	0	0	0	0	0
 	0	1	1	0	1	1	0	1	1	0	0	0	0	0	0	0
 	1	1	0	0	1	1	0	0	1	1	0	0	0	0	0	0
 	0	0	0	0	1	1	0	0	0	0	0	0	0	0	0	0
 	0	0	0	0	0	0	0	0	0	0	0	0	0	0	0	0
 	0	0	0	0	0	0	0	0	0	0	0	0	0	0	0	0
 	0	0	0	0	0	0	0	0	0	0	0	0	0	0	0	0
 	0	0	0	0	0	0	0	0	0	0	0	0	0	0	0	0


1B (+)	 	 	 	 	 	 	 	 	 	 	 	 	 	 	 	 
 	0	0	0	0	0	0	0	0	0	0	0	0	0	0	0	0
 	0	0	0	0	0	0	0	0	0	0	0	0	0	0	0	0
 	0	0	0	0	0	0	0	0	0	0	0	0	0	0	0	0
 	0	0	0	0	0	0	0	0	0	0	0	0	0	0	0	0
 	0	0	0	1	1	0	0	0	0	0	0	0	0	0	0	0
 	0	0	0	1	1	0	0	0	0	0	0	0	0	0	0	0
 	0	0	0	1	1	0	0	0	0	0	0	0	0	0	0	0
 	1	1	1	1	1	1	1	1	0	0	0	0	0	0	0	0
 	1	1	1	1	1	1	1	1	0	0	0	0	0	0	0	0
 	0	0	0	1	1	0	0	0	0	0	0	0	0	0	0	0
 	0	0	0	1	1	0	0	0	0	0	0	0	0	0	0	0
 	0	0	0	1	1	0	0	0	0	0	0	0	0	0	0	0
 	0	0	0	0	0	0	0	0	0	0	0	0	0	0	0	0
 	0	0	0	0	0	0	0	0	0	0	0	0	0	0	0	0
 	0	0	0	0	0	0	0	0	0	0	0	0	0	0	0	0
 	0	0	0	0	0	0	0	0	0	0	0	0	0	0	0	0


1C (,)	 	 	 	 	 	 	 	 	 	 	 	 	 	 	 	 
 	0	0	0	0	0	0	0	0	0	0	0	0	0	0	0	0
 	0	0	0	0	0	0	0	0	0	0	0	0	0	0	0	0
 	0	0	0	0	0	0	0	0	0	0	0	0	0	0	0	0
 	0	0	0	0	0	0	0	0	0	0	0	0	0	0	0	0
 	0	0	0	0	0	0	0	0	0	0	0	0	0	0	0	0
 	0	0	0	0	0	0	0	0	0	0	0	0	0	0	0	0
 	0	0	0	0	0	0	0	0	0	0	0	0	0	0	0	0
 	0	0	0	0	0	0	0	0	0	0	0	0	0	0	0	0
 	0	0	0	0	0	0	0	0	0	0	0	0	0	0	0	0
 	1	1	0	0	0	0	0	0	0	0	0	0	0	0	0	0
 	0	0	0	0	0	0	0	0	0	0	0	0	0	0	0	0
 	1	1	0	0	0	0	0	0	0	0	0	0	0	0	0	0
 	0	1	0	0	0	0	0	0	0	0	0	0	0	0	0	0
 	1	0	0	0	0	0	0	0	0	0	0	0	0	0	0	0
 	0	0	0	0	0	0	0	0	0	0	0	0	0	0	0	0
 	0	0	0	0	0	0	0	0	0	0	0	0	0	0	0	0


1D (-)	 	 	 	 	 	 	 	 	 	 	 	 	 	 	 	 
 	0	0	0	0	0	0	0	0	0	0	0	0	0	0	0	0
 	0	0	0	0	0	0	0	0	0	0	0	0	0	0	0	0
 	0	0	0	0	0	0	0	0	0	0	0	0	0	0	0	0
 	0	0	0	0	0	0	0	0	0	0	0	0	0	0	0	0
 	0	0	0	0	0	0	0	0	0	0	0	0	0	0	0	0
 	0	0	0	0	0	0	0	0	0	0	0	0	0	0	0	0
 	0	0	0	0	0	0	0	0	0	0	0	0	0	0	0	0
 	1	1	1	1	1	1	0	0	0	0	0	0	0	0	0	0
 	1	1	1	1	1	1	0	0	0	0	0	0	0	0	0	0
 	0	0	0	0	0	0	0	0	0	0	0	0	0	0	0	0
 	0	0	0	0	0	0	0	0	0	0	0	0	0	0	0	0
 	0	0	0	0	0	0	0	0	0	0	0	0	0	0	0	0
 	0	0	0	0	0	0	0	0	0	0	0	0	0	0	0	0
 	0	0	0	0	0	0	0	0	0	0	0	0	0	0	0	0
 	0	0	0	0	0	0	0	0	0	0	0	0	0	0	0	0
 	0	0	0	0	0	0	0	0	0	0	0	0	0	0	0	0


1E (.)	 	 	 	 	 	 	 	 	 	 	 	 	 	 	 	 
 	0	0	0	0	0	0	0	0	0	0	0	0	0	0	0	0
 	0	0	0	0	0	0	0	0	0	0	0	0	0	0	0	0
 	0	0	0	0	0	0	0	0	0	0	0	0	0	0	0	0
 	0	0	0	0	0	0	0	0	0	0	0	0	0	0	0	0
 	0	0	0	0	0	0	0	0	0	0	0	0	0	0	0	0
 	0	0	0	0	0	0	0	0	0	0	0	0	0	0	0	0
 	0	0	0	0	0	0	0	0	0	0	0	0	0	0	0	0
 	0	0	0	0	0	0	0	0	0	0	0	0	0	0	0	0
 	0	0	0	0	0	0	0	0	0	0	0	0	0	0	0	0
 	0	0	0	0	0	0	0	0	0	0	0	0	0	0	0	0
 	0	0	0	0	0	0	0	0	0	0	0	0	0	0	0	0
 	1	1	0	0	0	0	0	0	0	0	0	0	0	0	0	0
 	1	1	0	0	0	0	0	0	0	0	0	0	0	0	0	0
 	0	0	0	0	0	0	0	0	0	0	0	0	0	0	0	0
 	0	0	0	0	0	0	0	0	0	0	0	0	0	0	0	0
 	0	0	0	0	0	0	0	0	0	0	0	0	0	0	0	0


1F ( )	 	 	 	 	 	 	 	 	 	 	 	 	 	 	 	 
 	0	0	0	0	0	0	0	0	0	0	0	0	0	0	0	0
 	0	0	0	0	0	0	0	0	0	0	0	0	0	0	0	0
 	0	0	0	0	0	0	0	0	0	0	0	0	0	0	0	0
 	0	0	0	0	0	0	0	0	0	0	0	0	0	0	0	0
 	0	0	0	0	0	0	0	0	0	0	0	0	0	0	0	0
 	0	0	0	0	0	0	0	0	0	0	0	0	0	0	0	0
 	0	0	0	0	0	0	0	0	0	0	0	0	0	0	0	0
 	0	0	0	0	0	0	0	0	0	0	0	0	0	0	0	0
 	0	0	0	0	0	0	0	0	0	0	0	0	0	0	0	0
 	0	0	0	0	0	0	0	0	0	0	0	0	0	0	0	0
 	0	0	0	0	0	0	0	0	0	0	0	0	0	0	0	0
 	0	0	0	0	0	0	0	0	0	0	0	0	0	0	0	0
 	0	0	0	0	0	0	0	0	0	0	0	0	0	0	0	0
 	0	0	0	0	0	0	0	0	0	0	0	0	0	0	0	0
 	0	0	0	0	0	0	0	0	0	0	0	0	0	0	0	0
 	0	0	0	0	0	0	0	0	0	0	0	0	0	0	0	0


20 ( )	 	 	 	 	 	 	 	 	 	 	 	 	 	 	 	 
 	0	0	0	0	0	0	0	0	0	0	0	0	0	0	0	0
 	0	0	0	0	0	0	0	0	0	0	0	0	0	0	0	0
 	0	0	0	0	0	0	0	0	0	0	0	0	0	0	0	0
 	0	0	0	0	0	0	0	0	0	0	0	0	0	0	0	0
 	0	0	0	0	0	0	0	0	0	0	0	0	0	0	0	0
 	0	0	0	0	0	0	0	0	0	0	0	0	0	0	0	0
 	0	0	0	0	0	0	0	0	0	0	0	0	0	0	0	0
 	0	0	0	0	0	0	0	0	0	0	0	0	0	0	0	0
 	0	0	0	0	0	0	0	0	0	0	0	0	0	0	0	0
 	0	0	0	0	0	0	0	0	0	0	0	0	0	0	0	0
 	0	0	0	0	0	0	0	0	0	0	0	0	0	0	0	0
 	0	0	0	0	0	0	0	0	0	0	0	0	0	0	0	0
 	0	0	0	0	0	0	0	0	0	0	0	0	0	0	0	0
 	0	0	0	0	0	0	0	0	0	0	0	0	0	0	0	0
 	0	0	0	0	0	0	0	0	0	0	0	0	0	0	0	0
 	0	0	0	0	0	0	0	0	0	0	0	0	0	0	0	0


21 (!)	 	 	 	 	 	 	 	 	 	 	 	 	 	 	 	 
 	1	1	0	0	0	0	0	0	0	0	0	0	0	0	0	0
 	1	1	0	0	0	0	0	0	0	0	0	0	0	0	0	0
 	1	1	0	0	0	0	0	0	0	0	0	0	0	0	0	0
 	1	1	0	0	0	0	0	0	0	0	0	0	0	0	0	0
 	1	1	0	0	0	0	0	0	0	0	0	0	0	0	0	0
 	1	1	0	0	0	0	0	0	0	0	0	0	0	0	0	0
 	1	1	0	0	0	0	0	0	0	0	0	0	0	0	0	0
 	1	1	0	0	0	0	0	0	0	0	0	0	0	0	0	0
 	1	1	0	0	0	0	0	0	0	0	0	0	0	0	0	0
 	1	1	0	0	0	0	0	0	0	0	0	0	0	0	0	0
 	0	0	0	0	0	0	0	0	0	0	0	0	0	0	0	0
 	1	1	0	0	0	0	0	0	0	0	0	0	0	0	0	0
 	1	1	0	0	0	0	0	0	0	0	0	0	0	0	0	0
 	0	0	0	0	0	0	0	0	0	0	0	0	0	0	0	0
 	0	0	0	0	0	0	0	0	0	0	0	0	0	0	0	0
 	0	0	0	0	0	0	0	0	0	0	0	0	0	0	0	0


22 (")	 	 	 	 	 	 	 	 	 	 	 	 	 	 	 	 
 	0	0	0	1	1	0	0	1	1	0	0	0	0	0	0	0
 	0	0	1	1	0	0	1	1	0	0	0	0	0	0	0	0
 	0	0	0	0	0	0	0	0	0	0	0	0	0	0	0	0
 	0	0	0	0	0	0	0	0	0	0	0	0	0	0	0	0
 	0	0	0	0	0	0	0	0	0	0	0	0	0	0	0	0
 	0	0	0	0	0	0	0	0	0	0	0	0	0	0	0	0
 	0	0	0	0	0	0	0	0	0	0	0	0	0	0	0	0
 	0	0	0	0	0	0	0	0	0	0	0	0	0	0	0	0
 	0	0	0	0	0	0	0	0	0	0	0	0	0	0	0	0
 	0	0	0	0	0	0	0	0	0	0	0	0	0	0	0	0
 	0	0	0	0	0	0	0	0	0	0	0	0	0	0	0	0
 	0	0	0	0	0	0	0	0	0	0	0	0	0	0	0	0
 	0	0	0	0	0	0	0	0	0	0	0	0	0	0	0	0
 	0	0	0	0	0	0	0	0	0	0	0	0	0	0	0	0
 	0	0	0	0	0	0	0	0	0	0	0	0	0	0	0	0
 	0	0	0	0	0	0	0	0	0	0	0	0	0	0	0	0


23 (#)	 	 	 	 	 	 	 	 	 	 	 	 	 	 	 	 
 	0	0	1	1	0	0	1	1	0	0	0	0	0	0	0	0
 	0	0	1	1	0	0	1	1	0	0	0	0	0	0	0	0
 	1	1	1	1	1	1	1	1	1	1	0	0	0	0	0	0
 	1	1	1	1	1	1	1	1	1	1	0	0	0	0	0	0
 	0	0	1	1	0	0	1	1	0	0	0	0	0	0	0	0
 	0	0	1	1	0	0	1	1	0	0	0	0	0	0	0	0
 	0	0	1	1	0	0	1	1	0	0	0	0	0	0	0	0
 	0	0	1	1	0	0	1	1	0	0	0	0	0	0	0	0
 	0	0	1	1	0	0	1	1	0	0	0	0	0	0	0	0
 	1	1	1	1	1	1	1	1	1	1	0	0	0	0	0	0
 	1	1	1	1	1	1	1	1	1	1	0	0	0	0	0	0
 	0	0	1	1	0	0	1	1	0	0	0	0	0	0	0	0
 	0	0	1	1	0	0	1	1	0	0	0	0	0	0	0	0
 	0	0	0	0	0	0	0	0	0	0	0	0	0	0	0	0
 	0	0	0	0	0	0	0	0	0	0	0	0	0	0	0	0
 	0	0	0	0	0	0	0	0	0	0	0	0	0	0	0	0


24 ($)	 	 	 	 	 	 	 	 	 	 	 	 	 	 	 	 
 	0	0	0	0	0	0	0	0	0	0	0	0	0	0	0	0
 	0	0	0	1	1	0	0	0	0	0	0	0	0	0	0	0
 	0	1	1	1	1	1	1	0	0	0	0	0	0	0	0	0
 	1	1	1	1	1	1	1	1	0	0	0	0	0	0	0	0
 	1	1	0	1	1	0	1	1	0	0	0	0	0	0	0	0
 	1	1	0	1	1	0	0	0	0	0	0	0	0	0	0	0
 	1	1	1	1	1	1	1	0	0	0	0	0	0	0	0	0
 	0	1	1	1	1	1	1	1	0	0	0	0	0	0	0	0
 	0	0	0	1	1	0	1	1	0	0	0	0	0	0	0	0
 	1	1	0	1	1	0	1	1	0	0	0	0	0	0	0	0
 	1	1	1	1	1	1	1	1	0	0	0	0	0	0	0	0
 	0	1	1	1	1	1	1	0	0	0	0	0	0	0	0	0
 	0	0	0	1	1	0	0	0	0	0	0	0	0	0	0	0
 	0	0	0	0	0	0	0	0	0	0	0	0	0	0	0	0
 	0	0	0	0	0	0	0	0	0	0	0	0	0	0	0	0
 	0	0	0	0	0	0	0	0	0	0	0	0	0	0	0	0


25 (%)	 	 	 	 	 	 	 	 	 	 	 	 	 	 	 	 
 	0	0	0	0	0	0	1	1	0	0	0	0	0	0	0	0
 	0	1	1	0	0	0	1	1	0	0	0	0	0	0	0	0
 	0	1	1	0	0	1	1	0	0	0	0	0	0	0	0	0
 	0	0	0	0	0	1	1	0	0	0	0	0	0	0	0	0
 	0	0	0	0	1	1	0	0	0	0	0	0	0	0	0	0
 	0	0	0	0	1	1	0	0	0	0	0	0	0	0	0	0
 	0	0	0	1	1	0	0	0	0	0	0	0	0	0	0	0
 	0	0	0	1	1	0	0	0	0	0	0	0	0	0	0	0
 	0	0	1	1	0	0	0	0	0	0	0	0	0	0	0	0
 	0	0	1	1	0	0	0	0	0	0	0	0	0	0	0	0
 	0	1	1	0	0	0	0	0	0	0	0	0	0	0	0	0
 	0	1	1	0	0	1	1	0	0	0	0	0	0	0	0	0
 	1	1	0	0	0	1	1	0	0	0	0	0	0	0	0	0
 	1	1	0	0	0	0	0	0	0	0	0	0	0	0	0	0
 	0	0	0	0	0	0	0	0	0	0	0	0	0	0	0	0
 	0	0	0	0	0	0	0	0	0	0	0	0	0	0	0	0


26 (&)	 	 	 	 	 	 	 	 	 	 	 	 	 	 	 	 
 	0	0	0	0	0	0	0	0	0	0	0	0	0	0	0	0
 	0	0	0	0	0	0	0	0	0	0	0	0	0	0	0	0
 	0	0	0	0	0	0	0	0	0	0	0	0	0	0	0	0
 	0	0	0	0	0	0	0	0	0	0	0	0	0	0	0	0
 	0	0	0	0	0	0	0	0	0	0	0	0	0	0	0	0
 	0	0	0	0	0	0	0	0	0	0	0	0	0	0	0	0
 	0	0	0	0	0	0	0	0	0	0	0	0	0	0	0	0
 	0	0	0	0	0	0	0	0	0	0	0	0	0	0	0	0
 	0	0	0	0	0	0	0	0	0	0	0	0	0	0	0	0
 	0	0	0	0	0	0	0	0	0	0	0	0	0	0	0	0
 	0	0	0	0	0	0	0	0	0	0	0	0	0	0	0	0
 	0	0	0	0	0	0	0	0	0	0	0	0	0	0	0	0
 	0	0	0	0	0	0	0	0	0	0	0	0	0	0	0	0
 	0	0	0	0	0	0	0	0	0	0	0	0	0	0	0	0
 	0	0	0	0	0	0	0	0	0	0	0	0	0	0	0	0
 	0	0	0	0	0	0	0	0	0	0	0	0	0	0	0	0


27 (')	 	 	 	 	 	 	 	 	 	 	 	 	 	 	 	 
 	1	1	0	0	0	0	0	0	0	0	0	0	0	0	0	0
 	1	1	0	0	0	0	0	0	0	0	0	0	0	0	0	0
 	0	1	0	0	0	0	0	0	0	0	0	0	0	0	0	0
 	1	0	0	0	0	0	0	0	0	0	0	0	0	0	0	0
 	0	0	0	0	0	0	0	0	0	0	0	0	0	0	0	0
 	0	0	0	0	0	0	0	0	0	0	0	0	0	0	0	0
 	0	0	0	0	0	0	0	0	0	0	0	0	0	0	0	0
 	0	0	0	0	0	0	0	0	0	0	0	0	0	0	0	0
 	0	0	0	0	0	0	0	0	0	0	0	0	0	0	0	0
 	0	0	0	0	0	0	0	0	0	0	0	0	0	0	0	0
 	0	0	0	0	0	0	0	0	0	0	0	0	0	0	0	0
 	0	0	0	0	0	0	0	0	0	0	0	0	0	0	0	0
 	0	0	0	0	0	0	0	0	0	0	0	0	0	0	0	0
 	0	0	0	0	0	0	0	0	0	0	0	0	0	0	0	0
 	0	0	0	0	0	0	0	0	0	0	0	0	0	0	0	0
 	0	0	0	0	0	0	0	0	0	0	0	0	0	0	0	0


28 (()	 	 	 	 	 	 	 	 	 	 	 	 	 	 	 	 
 	0	0	0	1	1	0	0	0	0	0	0	0	0	0	0	0
 	0	0	1	1	0	0	0	0	0	0	0	0	0	0	0	0
 	0	1	1	0	0	0	0	0	0	0	0	0	0	0	0	0
 	0	1	1	0	0	0	0	0	0	0	0	0	0	0	0	0
 	0	1	1	0	0	0	0	0	0	0	0	0	0	0	0	0
 	1	1	0	0	0	0	0	0	0	0	0	0	0	0	0	0
 	1	1	0	0	0	0	0	0	0	0	0	0	0	0	0	0
 	1	1	0	0	0	0	0	0	0	0	0	0	0	0	0	0
 	1	1	0	0	0	0	0	0	0	0	0	0	0	0	0	0
 	1	1	0	0	0	0	0	0	0	0	0	0	0	0	0	0
 	1	1	0	0	0	0	0	0	0	0	0	0	0	0	0	0
 	0	1	1	0	0	0	0	0	0	0	0	0	0	0	0	0
 	0	1	1	0	0	0	0	0	0	0	0	0	0	0	0	0
 	0	1	1	0	0	0	0	0	0	0	0	0	0	0	0	0
 	0	0	1	1	0	0	0	0	0	0	0	0	0	0	0	0
 	0	0	0	1	1	0	0	0	0	0	0	0	0	0	0	0


29 ())	 	 	 	 	 	 	 	 	 	 	 	 	 	 	 	 
 	1	1	0	0	0	0	0	0	0	0	0	0	0	0	0	0
 	0	1	1	0	0	0	0	0	0	0	0	0	0	0	0	0
 	0	0	1	1	0	0	0	0	0	0	0	0	0	0	0	0
 	0	0	1	1	0	0	0	0	0	0	0	0	0	0	0	0
 	0	0	1	1	0	0	0	0	0	0	0	0	0	0	0	0
 	0	0	0	1	1	0	0	0	0	0	0	0	0	0	0	0
 	0	0	0	1	1	0	0	0	0	0	0	0	0	0	0	0
 	0	0	0	1	1	0	0	0	0	0	0	0	0	0	0	0
 	0	0	0	1	1	0	0	0	0	0	0	0	0	0	0	0
 	0	0	0	1	1	0	0	0	0	0	0	0	0	0	0	0
 	0	0	0	1	1	0	0	0	0	0	0	0	0	0	0	0
 	0	0	1	1	0	0	0	0	0	0	0	0	0	0	0	0
 	0	0	1	1	0	0	0	0	0	0	0	0	0	0	0	0
 	0	0	1	1	0	0	0	0	0	0	0	0	0	0	0	0
 	0	1	1	0	0	0	0	0	0	0	0	0	0	0	0	0
 	1	1	0	0	0	0	0	0	0	0	0	0	0	0	0	0


2A (*)	 	 	 	 	 	 	 	 	 	 	 	 	 	 	 	 
 	0	0	0	0	0	0	0	0	0	0	0	0	0	0	0	0
 	0	0	0	0	0	0	0	0	0	0	0	0	0	0	0	0
 	0	0	0	0	1	1	0	0	0	0	0	0	0	0	0	0
 	1	1	0	0	1	1	0	0	1	1	0	0	0	0	0	0
 	0	1	1	0	1	1	0	1	1	0	0	0	0	0	0	0
 	0	0	1	1	1	1	1	1	0	0	0	0	0	0	0	0
 	1	1	1	1	1	1	1	1	1	1	0	0	0	0	0	0
 	1	1	1	1	1	1	1	1	1	1	0	0	0	0	0	0
 	0	0	1	1	1	1	1	1	0	0	0	0	0	0	0	0
 	0	1	1	0	1	1	0	1	1	0	0	0	0	0	0	0
 	1	1	0	0	1	1	0	0	1	1	0	0	0	0	0	0
 	0	0	0	0	1	1	0	0	0	0	0	0	0	0	0	0
 	0	0	0	0	0	0	0	0	0	0	0	0	0	0	0	0
 	0	0	0	0	0	0	0	0	0	0	0	0	0	0	0	0
 	0	0	0	0	0	0	0	0	0	0	0	0	0	0	0	0
 	0	0	0	0	0	0	0	0	0	0	0	0	0	0	0	0


2B (+)	 	 	 	 	 	 	 	 	 	 	 	 	 	 	 	 
 	0	0	0	0	0	0	0	0	0	0	0	0	0	0	0	0
 	0	0	0	0	0	0	0	0	0	0	0	0	0	0	0	0
 	0	0	0	0	0	0	0	0	0	0	0	0	0	0	0	0
 	0	0	0	0	0	0	0	0	0	0	0	0	0	0	0	0
 	0	0	0	1	1	0	0	0	0	0	0	0	0	0	0	0
 	0	0	0	1	1	0	0	0	0	0	0	0	0	0	0	0
 	0	0	0	1	1	0	0	0	0	0	0	0	0	0	0	0
 	1	1	1	1	1	1	1	1	0	0	0	0	0	0	0	0
 	1	1	1	1	1	1	1	1	0	0	0	0	0	0	0	0
 	0	0	0	1	1	0	0	0	0	0	0	0	0	0	0	0
 	0	0	0	1	1	0	0	0	0	0	0	0	0	0	0	0
 	0	0	0	1	1	0	0	0	0	0	0	0	0	0	0	0
 	0	0	0	0	0	0	0	0	0	0	0	0	0	0	0	0
 	0	0	0	0	0	0	0	0	0	0	0	0	0	0	0	0
 	0	0	0	0	0	0	0	0	0	0	0	0	0	0	0	0
 	0	0	0	0	0	0	0	0	0	0	0	0	0	0	0	0


2C (,)	 	 	 	 	 	 	 	 	 	 	 	 	 	 	 	 
 	0	0	0	0	0	0	0	0	0	0	0	0	0	0	0	0
 	0	0	0	0	0	0	0	0	0	0	0	0	0	0	0	0
 	0	0	0	0	0	0	0	0	0	0	0	0	0	0	0	0
 	0	0	0	0	0	0	0	0	0	0	0	0	0	0	0	0
 	0	0	0	0	0	0	0	0	0	0	0	0	0	0	0	0
 	0	0	0	0	0	0	0	0	0	0	0	0	0	0	0	0
 	0	0	0	0	0	0	0	0	0	0	0	0	0	0	0	0
 	0	0	0	0	0	0	0	0	0	0	0	0	0	0	0	0
 	0	0	0	0	0	0	0	0	0	0	0	0	0	0	0	0
 	1	1	0	0	0	0	0	0	0	0	0	0	0	0	0	0
 	1	1	0	0	0	0	0	0	0	0	0	0	0	0	0	0
 	0	1	0	0	0	0	0	0	0	0	0	0	0	0	0	0
 	1	0	0	0	0	0	0	0	0	0	0	0	0	0	0	0
 	0	0	0	0	0	0	0	0	0	0	0	0	0	0	0	0
 	0	0	0	0	0	0	0	0	0	0	0	0	0	0	0	0
 	0	0	0	0	0	0	0	0	0	0	0	0	0	0	0	0


2D (-)	 	 	 	 	 	 	 	 	 	 	 	 	 	 	 	 
 	0	0	0	0	0	0	0	0	0	0	0	0	0	0	0	0
 	0	0	0	0	0	0	0	0	0	0	0	0	0	0	0	0
 	0	0	0	0	0	0	0	0	0	0	0	0	0	0	0	0
 	0	0	0	0	0	0	0	0	0	0	0	0	0	0	0	0
 	0	0	0	0	0	0	0	0	0	0	0	0	0	0	0	0
 	0	0	0	0	0	0	0	0	0	0	0	0	0	0	0	0
 	0	0	0	0	0	0	0	0	0	0	0	0	0	0	0	0
 	1	1	1	1	1	1	0	0	0	0	0	0	0	0	0	0
 	1	1	1	1	1	1	0	0	0	0	0	0	0	0	0	0
 	0	0	0	0	0	0	0	0	0	0	0	0	0	0	0	0
 	0	0	0	0	0	0	0	0	0	0	0	0	0	0	0	0
 	0	0	0	0	0	0	0	0	0	0	0	0	0	0	0	0
 	0	0	0	0	0	0	0	0	0	0	0	0	0	0	0	0
 	0	0	0	0	0	0	0	0	0	0	0	0	0	0	0	0
 	0	0	0	0	0	0	0	0	0	0	0	0	0	0	0	0
 	0	0	0	0	0	0	0	0	0	0	0	0	0	0	0	0


2E (.)	 	 	 	 	 	 	 	 	 	 	 	 	 	 	 	 
 	0	0	0	0	0	0	0	0	0	0	0	0	0	0	0	0
 	0	0	0	0	0	0	0	0	0	0	0	0	0	0	0	0
 	0	0	0	0	0	0	0	0	0	0	0	0	0	0	0	0
 	0	0	0	0	0	0	0	0	0	0	0	0	0	0	0	0
 	0	0	0	0	0	0	0	0	0	0	0	0	0	0	0	0
 	0	0	0	0	0	0	0	0	0	0	0	0	0	0	0	0
 	0	0	0	0	0	0	0	0	0	0	0	0	0	0	0	0
 	0	0	0	0	0	0	0	0	0	0	0	0	0	0	0	0
 	0	0	0	0	0	0	0	0	0	0	0	0	0	0	0	0
 	0	0	0	0	0	0	0	0	0	0	0	0	0	0	0	0
 	0	0	0	0	0	0	0	0	0	0	0	0	0	0	0	0
 	1	1	0	0	0	0	0	0	0	0	0	0	0	0	0	0
 	1	1	0	0	0	0	0	0	0	0	0	0	0	0	0	0
 	0	0	0	0	0	0	0	0	0	0	0	0	0	0	0	0
 	0	0	0	0	0	0	0	0	0	0	0	0	0	0	0	0
 	0	0	0	0	0	0	0	0	0	0	0	0	0	0	0	0


2F (/ or down left arrow )	 	 	 	 	 	 	 	 	 	 	 	 	 	 	 	 
 	0	0	0	0	0	0	0	0	0	0	0	0	0	1	0	0
 	0	0	0	0	0	0	0	0	0	0	0	0	1	1	1	0
 	0	0	0	0	1	0	0	0	0	0	0	1	1	1	1	1
 	0	0	0	1	1	0	0	0	0	0	1	1	1	1	1	0
 	0	0	1	1	1	0	0	0	0	1	1	1	1	1	0	0
 	0	1	1	1	1	0	0	0	1	1	1	1	1	0	0	0
 	1	1	1	1	1	0	0	1	1	1	1	1	0	0	0	0
 	1	1	1	1	1	0	1	1	1	1	1	0	0	0	0	0
 	1	1	1	1	1	1	1	1	1	1	0	0	0	0	0	0
 	1	1	1	1	1	1	1	1	1	0	0	0	0	0	0	0
 	1	1	1	1	1	1	1	1	0	0	0	0	0	0	0	0
 	1	1	1	1	1	1	1	1	1	1	1	1	1	1	0	0
 	1	1	1	1	1	1	1	1	1	1	1	1	1	0	0	0
 	1	1	1	1	1	1	1	1	1	1	1	1	0	0	0	0
 	1	1	1	1	1	1	1	1	1	1	1	0	0	0	0	0
 	1	1	1	1	1	1	1	1	1	1	0	0	0	0	0	0


30 (0)	 	 	 	 	 	 	 	 	 	 	 	 	 	 	 	 
 	0	0	1	1	1	1	1	1	0	0	0	0	0	0	0	0
 	0	1	1	1	1	1	1	1	1	0	0	0	0	0	0	0
 	1	1	1	0	0	0	0	1	1	0	0	0	0	0	0	0
 	1	1	0	0	0	0	0	0	1	1	0	0	0	0	0	0
 	1	1	0	0	0	0	0	0	1	1	0	0	0	0	0	0
 	1	1	0	0	0	0	0	0	1	1	0	0	0	0	0	0
 	1	1	0	0	0	0	0	0	1	1	0	0	0	0	0	0
 	1	1	0	0	0	0	0	0	1	1	0	0	0	0	0	0
 	1	1	0	0	0	0	0	0	1	1	0	0	0	0	0	0
 	1	1	0	0	0	0	0	0	1	1	0	0	0	0	0	0
 	1	1	1	0	0	0	0	1	1	1	0	0	0	0	0	0
 	0	1	1	1	1	1	1	1	1	0	0	0	0	0	0	0
 	0	0	1	1	1	1	1	1	0	0	0	0	0	0	0	0
 	0	0	0	0	0	0	0	0	0	0	0	0	0	0	0	0
 	0	0	0	0	0	0	0	0	0	0	0	0	0	0	0	0
 	0	0	0	0	0	0	0	0	0	0	0	0	0	0	0	0


31 (1)	 	 	 	 	 	 	 	 	 	 	 	 	 	 	 	 
 	0	0	1	1	0	0	0	0	0	0	0	0	0	0	0	0
 	0	1	1	1	0	0	0	0	0	0	0	0	0	0	0	0
 	1	1	1	1	0	0	0	0	0	0	0	0	0	0	0	0
 	1	1	1	1	0	0	0	0	0	0	0	0	0	0	0	0
 	0	0	1	1	0	0	0	0	0	0	0	0	0	0	0	0
 	0	0	1	1	0	0	0	0	0	0	0	0	0	0	0	0
 	0	0	1	1	0	0	0	0	0	0	0	0	0	0	0	0
 	0	0	1	1	0	0	0	0	0	0	0	0	0	0	0	0
 	0	0	1	1	0	0	0	0	0	0	0	0	0	0	0	0
 	0	0	1	1	0	0	0	0	0	0	0	0	0	0	0	0
 	0	0	1	1	0	0	0	0	0	0	0	0	0	0	0	0
 	0	0	1	1	0	0	0	0	0	0	0	0	0	0	0	0
 	0	0	1	1	0	0	0	0	0	0	0	0	0	0	0	0
 	0	0	0	0	0	0	0	0	0	0	0	0	0	0	0	0
 	0	0	0	0	0	0	0	0	0	0	0	0	0	0	0	0
 	0	0	0	0	0	0	0	0	0	0	0	0	0	0	0	0


32 (2)	 	 	 	 	 	 	 	 	 	 	 	 	 	 	 	 
 	0	0	1	1	1	1	1	0	0	0	0	0	0	0	0	0
 	0	1	1	1	1	1	1	1	0	0	0	0	0	0	0	0
 	1	1	1	0	0	0	1	1	1	0	0	0	0	0	0	0
 	1	1	0	0	0	0	0	1	1	0	0	0	0	0	0	0
 	1	1	0	0	0	0	0	1	1	0	0	0	0	0	0	0
 	0	0	0	0	0	0	1	1	1	0	0	0	0	0	0	0
 	0	0	0	0	0	1	1	1	0	0	0	0	0	0	0	0
 	0	0	0	0	1	1	1	0	0	0	0	0	0	0	0	0
 	0	0	0	1	1	1	0	0	0	0	0	0	0	0	0	0
 	0	0	1	1	1	0	0	0	0	0	0	0	0	0	0	0
 	0	1	1	1	0	0	0	0	0	0	0	0	0	0	0	0
 	1	1	1	1	1	1	1	1	1	0	0	0	0	0	0	0
 	1	1	1	1	1	1	1	1	1	0	0	0	0	0	0	0
 	0	0	0	0	0	0	0	0	0	0	0	0	0	0	0	0
 	0	0	0	0	0	0	0	0	0	0	0	0	0	0	0	0
 	0	0	0	0	0	0	0	0	0	0	0	0	0	0	0	0


33 (3)	 	 	 	 	 	 	 	 	 	 	 	 	 	 	 	 
 	0	0	1	1	1	1	1	0	0	0	0	0	0	0	0	0
 	0	1	1	1	1	1	1	1	0	0	0	0	0	0	0	0
 	1	1	1	0	0	0	1	1	1	0	0	0	0	0	0	0
 	1	1	0	0	0	0	0	1	1	0	0	0	0	0	0	0
 	1	1	0	0	0	0	1	1	1	0	0	0	0	0	0	0
 	0	0	0	1	1	1	1	1	0	0	0	0	0	0	0	0
 	0	0	0	1	1	1	1	1	0	0	0	0	0	0	0	0
 	0	0	0	0	0	0	1	1	1	0	0	0	0	0	0	0
 	1	1	0	0	0	0	0	1	1	0	0	0	0	0	0	0
 	1	1	0	0	0	0	0	1	1	0	0	0	0	0	0	0
 	1	1	1	0	0	0	0	1	1	0	0	0	0	0	0	0
 	0	1	1	1	1	1	1	1	0	0	0	0	0	0	0	0
 	0	0	1	1	1	1	1	0	0	0	0	0	0	0	0	0
 	0	0	0	0	0	0	0	0	0	0	0	0	0	0	0	0
 	0	0	0	0	0	0	0	0	0	0	0	0	0	0	0	0
 	0	0	0	0	0	0	0	0	0	0	0	0	0	0	0	0


34 (4)	 	 	 	 	 	 	 	 	 	 	 	 	 	 	 	 
 	0	0	0	0	0	0	0	1	1	0	0	0	0	0	0	0
 	0	0	0	0	0	0	1	1	1	0	0	0	0	0	0	0
 	0	0	0	0	0	1	1	1	1	0	0	0	0	0	0	0
 	0	0	0	0	1	1	1	1	1	0	0	0	0	0	0	0
 	0	0	0	1	1	1	0	1	1	0	0	0	0	0	0	0
 	0	0	1	1	1	0	0	1	1	0	0	0	0	0	0	0
 	0	1	1	1	0	0	0	1	1	0	0	0	0	0	0	0
 	1	1	1	0	0	0	0	1	1	0	0	0	0	0	0	0
 	1	1	0	0	0	0	0	1	1	0	0	0	0	0	0	0
 	1	1	1	1	1	1	1	1	1	1	1	0	0	0	0	0
 	1	1	1	1	1	1	1	1	1	1	1	0	0	0	0	0
 	0	0	0	0	0	0	0	1	1	0	0	0	0	0	0	0
 	0	0	0	0	0	0	0	1	1	0	0	0	0	0	0	0
 	0	0	0	0	0	0	0	0	0	0	0	0	0	0	0	0
 	0	0	0	0	0	0	0	0	0	0	0	0	0	0	0	0
 	0	0	0	0	0	0	0	0	0	0	0	0	0	0	0	0


35 (5)	 	 	 	 	 	 	 	 	 	 	 	 	 	 	 	 
 	1	1	1	1	1	1	1	1	0	0	0	0	0	0	0	0
 	1	1	1	1	1	1	1	1	0	0	0	0	0	0	0	0
 	1	1	0	0	0	0	0	0	0	0	0	0	0	0	0	0
 	1	1	0	0	0	0	0	0	0	0	0	0	0	0	0	0
 	1	1	0	1	1	1	1	0	0	0	0	0	0	0	0	0
 	1	1	1	1	1	1	1	1	0	0	0	0	0	0	0	0
 	1	1	1	0	0	0	1	1	1	0	0	0	0	0	0	0
 	0	0	0	0	0	0	0	1	1	0	0	0	0	0	0	0
 	0	0	0	0	0	0	0	1	1	0	0	0	0	0	0	0
 	1	1	0	0	0	0	0	1	1	0	0	0	0	0	0	0
 	1	1	0	0	0	0	0	1	1	0	0	0	0	0	0	0
 	0	1	1	1	1	1	1	1	0	0	0	0	0	0	0	0
 	0	0	1	1	1	1	1	0	0	0	0	0	0	0	0	0
 	0	0	0	0	0	0	0	0	0	0	0	0	0	0	0	0
 	0	0	0	0	0	0	0	0	0	0	0	0	0	0	0	0
 	0	0	0	0	0	0	0	0	0	0	0	0	0	0	0	0


36 (6)	 	 	 	 	 	 	 	 	 	 	 	 	 	 	 	 
 	0	0	1	1	1	1	1	0	0	0	0	0	0	0	0	0
 	0	1	1	1	1	1	1	1	0	0	0	0	0	0	0	0
 	1	1	1	0	0	0	1	1	1	0	0	0	0	0	0	0
 	1	1	0	0	0	0	0	0	0	0	0	0	0	0	0	0
 	1	1	0	1	1	1	1	0	0	0	0	0	0	0	0	0
 	1	1	1	1	1	1	1	1	0	0	0	0	0	0	0	0
 	1	1	1	0	0	0	1	1	1	0	0	0	0	0	0	0
 	1	1	0	0	0	0	0	1	1	0	0	0	0	0	0	0
 	1	1	0	0	0	0	0	1	1	0	0	0	0	0	0	0
 	1	1	0	0	0	0	0	1	1	0	0	0	0	0	0	0
 	1	1	1	0	0	0	1	1	1	0	0	0	0	0	0	0
 	0	1	1	1	1	1	1	1	0	0	0	0	0	0	0	0
 	0	0	1	1	1	1	1	0	0	0	0	0	0	0	0	0
 	0	0	0	0	0	0	0	0	0	0	0	0	0	0	0	0
 	0	0	0	0	0	0	0	0	0	0	0	0	0	0	0	0
 	0	0	0	0	0	0	0	0	0	0	0	0	0	0	0	0


37 (7)	 	 	 	 	 	 	 	 	 	 	 	 	 	 	 	 
 	1	1	1	1	1	1	1	1	1	0	0	0	0	0	0	0
 	1	1	1	1	1	1	1	1	1	0	0	0	0	0	0	0
 	0	0	0	0	0	0	1	1	1	0	0	0	0	0	0	0
 	0	0	0	0	0	0	1	1	0	0	0	0	0	0	0	0
 	0	0	0	0	0	1	1	1	0	0	0	0	0	0	0	0
 	0	0	0	0	0	1	1	0	0	0	0	0	0	0	0	0
 	0	0	0	0	1	1	1	0	0	0	0	0	0	0	0	0
 	0	0	0	0	1	1	0	0	0	0	0	0	0	0	0	0
 	0	0	0	1	1	1	0	0	0	0	0	0	0	0	0	0
 	0	0	0	1	1	0	0	0	0	0	0	0	0	0	0	0
 	0	0	1	1	1	0	0	0	0	0	0	0	0	0	0	0
 	0	0	1	1	0	0	0	0	0	0	0	0	0	0	0	0
 	0	0	1	1	0	0	0	0	0	0	0	0	0	0	0	0
 	0	0	0	0	0	0	0	0	0	0	0	0	0	0	0	0
 	0	0	0	0	0	0	0	0	0	0	0	0	0	0	0	0
 	0	0	0	0	0	0	0	0	0	0	0	0	0	0	0	0


38 (8)	 	 	 	 	 	 	 	 	 	 	 	 	 	 	 	 
 	0	0	1	1	1	1	1	1	0	0	0	0	0	0	0	0
 	0	1	1	1	1	1	1	1	1	0	0	0	0	0	0	0
 	0	1	1	0	0	0	0	1	1	0	0	0	0	0	0	0
 	0	1	1	0	0	0	0	1	1	0	0	0	0	0	0	0
 	0	1	1	0	0	0	0	1	1	0	0	0	0	0	0	0
 	0	0	1	1	1	1	1	1	0	0	0	0	0	0	0	0
 	0	1	1	1	1	1	1	1	1	0	0	0	0	0	0	0
 	1	1	1	0	0	0	0	1	1	1	0	0	0	0	0	0
 	1	1	0	0	0	0	0	0	1	1	0	0	0	0	0	0
 	1	1	0	0	0	0	0	0	1	1	0	0	0	0	0	0
 	1	1	1	0	0	0	0	1	1	1	0	0	0	0	0	0
 	0	1	1	1	1	1	1	1	1	0	0	0	0	0	0	0
 	0	0	1	1	1	1	1	1	0	0	0	0	0	0	0	0
 	0	0	0	0	0	0	0	0	0	0	0	0	0	0	0	0
 	0	0	0	0	0	0	0	0	0	0	0	0	0	0	0	0
 	0	0	0	0	0	0	0	0	0	0	0	0	0	0	0	0


39 (9)	 	 	 	 	 	 	 	 	 	 	 	 	 	 	 	 
 	0	0	1	1	1	1	1	0	0	0	0	0	0	0	0	0
 	0	1	1	1	1	1	1	1	0	0	0	0	0	0	0	0
 	1	1	1	0	0	0	1	1	1	0	0	0	0	0	0	0
 	1	1	0	0	0	0	0	1	1	0	0	0	0	0	0	0
 	1	1	0	0	0	0	0	1	1	0	0	0	0	0	0	0
 	1	1	1	0	0	0	1	1	1	0	0	0	0	0	0	0
 	0	1	1	1	1	1	1	1	1	0	0	0	0	0	0	0
 	0	0	1	1	1	1	0	1	1	0	0	0	0	0	0	0
 	0	0	0	0	0	0	0	1	1	0	0	0	0	0	0	0
 	0	0	0	0	0	0	0	1	1	0	0	0	0	0	0	0
 	1	1	1	0	0	0	1	1	1	0	0	0	0	0	0	0
 	0	1	1	1	1	1	1	1	0	0	0	0	0	0	0	0
 	0	0	1	1	1	1	1	0	0	0	0	0	0	0	0	0
 	0	0	0	0	0	0	0	0	0	0	0	0	0	0	0	0
 	0	0	0	0	0	0	0	0	0	0	0	0	0	0	0	0
 	0	0	0	0	0	0	0	0	0	0	0	0	0	0	0	0


3A (:)	 	 	 	 	 	 	 	 	 	 	 	 	 	 	 	 
 	0	0	0	0	0	0	0	0	0	0	0	0	0	0	0	0
 	0	0	0	0	0	0	0	0	0	0	0	0	0	0	0	0
 	0	0	0	0	0	0	0	0	0	0	0	0	0	0	0	0
 	1	1	0	0	0	0	0	0	0	0	0	0	0	0	0	0
 	1	1	0	0	0	0	0	0	0	0	0	0	0	0	0	0
 	0	0	0	0	0	0	0	0	0	0	0	0	0	0	0	0
 	0	0	0	0	0	0	0	0	0	0	0	0	0	0	0	0
 	1	1	0	0	0	0	0	0	0	0	0	0	0	0	0	0
 	1	1	0	0	0	0	0	0	0	0	0	0	0	0	0	0
 	0	0	0	0	0	0	0	0	0	0	0	0	0	0	0	0
 	0	0	0	0	0	0	0	0	0	0	0	0	0	0	0	0
 	0	0	0	0	0	0	0	0	0	0	0	0	0	0	0	0
 	0	0	0	0	0	0	0	0	0	0	0	0	0	0	0	0
 	0	0	0	0	0	0	0	0	0	0	0	0	0	0	0	0
 	0	0	0	0	0	0	0	0	0	0	0	0	0	0	0	0
 	0	0	0	0	0	0	0	0	0	0	0	0	0	0	0	0


3B (;)	 	 	 	 	 	 	 	 	 	 	 	 	 	 	 	 
 	0	0	0	0	0	0	0	0	0	0	0	0	0	0	0	0
 	0	0	0	0	0	0	0	0	0	0	0	0	0	0	0	0
 	0	0	0	0	0	0	0	0	0	0	0	0	0	0	0	0
 	0	1	1	0	0	0	0	0	0	0	0	0	0	0	0	0
 	0	1	1	0	0	0	0	0	0	0	0	0	0	0	0	0
 	0	0	0	0	0	0	0	0	0	0	0	0	0	0	0	0
 	0	0	0	0	0	0	0	0	0	0	0	0	0	0	0	0
 	0	1	1	0	0	0	0	0	0	0	0	0	0	0	0	0
 	0	1	1	0	0	0	0	0	0	0	0	0	0	0	0	0
 	1	1	0	0	0	0	0	0	0	0	0	0	0	0	0	0
 	0	0	0	0	0	0	0	0	0	0	0	0	0	0	0	0
 	0	0	0	0	0	0	0	0	0	0	0	0	0	0	0	0
 	0	0	0	0	0	0	0	0	0	0	0	0	0	0	0	0
 	0	0	0	0	0	0	0	0	0	0	0	0	0	0	0	0
 	0	0	0	0	0	0	0	0	0	0	0	0	0	0	0	0
 	0	0	0	0	0	0	0	0	0	0	0	0	0	0	0	0


3C (< or left arrow)  2nd half on character 12	 	 	 	 	 	 	 	 	 	 	 	 	 	 	 	 
 	0	0	0	0	0	0	0	1	0	0	0	0	0	0	0	0
 	0	0	0	0	0	0	1	1	0	0	0	0	0	0	0	0
 	0	0	0	0	0	1	1	1	0	0	0	0	0	0	0	0
 	0	0	0	0	1	1	1	1	0	0	0	0	0	0	0	0
 	0	0	0	1	1	1	1	1	0	0	0	0	0	0	0	0
 	0	0	1	1	1	1	1	1	1	1	1	1	1	1	1	1
 	0	1	1	1	1	1	1	1	1	1	1	1	1	1	1	1
 	1	1	1	1	1	1	1	1	1	1	1	1	1	1	1	1
 	0	1	1	1	1	1	1	1	1	1	1	1	1	1	1	1
 	0	0	1	1	1	1	1	1	1	1	1	1	1	1	1	1
 	0	0	0	1	1	1	1	1	0	0	0	0	0	0	0	0
 	0	0	0	0	1	1	1	1	0	0	0	0	0	0	0	0
 	0	0	0	0	0	1	1	1	0	0	0	0	0	0	0	0
 	0	0	0	0	0	0	1	1	0	0	0	0	0	0	0	0
 	0	0	0	0	0	0	0	1	0	0	0	0	0	0	0	0
 	0	0	0	0	0	0	0	0	0	0	0	0	0	0	0	0


3D (= 1st half of BR logo)	 	 	 	 	 	 	 	 	 	 	 	 	 	 	 	 
 	0	0	0	0	0	0	0	0	1	1	1	1	0	0	0	0
 	0	0	0	0	0	0	0	0	0	0	1	1	1	1	0	0
 	0	0	0	0	0	0	0	0	0	0	0	0	1	1	1	1
 	0	0	0	0	0	0	0	0	0	0	0	0	0	0	1	1
 	1	1	1	1	1	1	1	1	1	1	1	1	1	1	1	1
 	1	1	1	1	1	1	1	1	1	1	1	1	1	1	1	1
 	0	0	0	0	0	0	0	0	0	0	0	0	0	0	1	1
 	0	0	0	0	0	0	0	0	0	0	0	0	1	1	1	1
 	0	0	0	0	0	0	0	0	0	0	1	1	1	1	0	0
 	0	0	0	0	0	0	0	0	1	1	1	1	0	0	0	0
 	1	1	1	1	1	1	1	1	1	1	1	1	1	1	1	1
 	1	1	1	1	1	1	1	1	1	1	1	1	1	1	1	1
 	0	0	0	0	0	0	0	0	1	1	1	1	0	0	0	0
 	0	0	0	0	0	0	0	0	0	0	1	1	1	1	0	0
 	0	0	0	0	0	0	0	0	0	0	0	0	1	1	1	1
 	0	0	0	0	0	0	0	0	0	0	0	0	0	0	1	1


3E (> or right arrow, 2nd half on character 13)	 	 	 	 	 	 	 	 	 	 	 	 	 	 	 	 
 	0	0	0	0	0	0	0	0	0	0	0	0	1	0	0	0
 	0	0	0	0	0	0	0	0	0	0	0	0	1	1	0	0
 	0	0	0	0	0	0	0	0	0	0	0	0	1	1	1	0
 	0	0	0	0	0	0	0	0	0	0	0	0	1	1	1	1
 	0	0	0	0	0	0	0	0	0	0	0	0	1	1	1	1
 	1	1	1	1	1	1	1	1	1	1	1	1	1	1	1	1
 	1	1	1	1	1	1	1	1	1	1	1	1	1	1	1	1
 	1	1	1	1	1	1	1	1	1	1	1	1	1	1	1	1
 	1	1	1	1	1	1	1	1	1	1	1	1	1	1	1	1
 	1	1	1	1	1	1	1	1	1	1	1	1	1	1	1	1
 	0	0	0	0	0	0	0	0	0	0	0	0	1	1	1	1
 	0	0	0	0	0	0	0	0	0	0	0	0	1	1	1	1
 	0	0	0	0	0	0	0	0	0	0	0	0	1	1	1	0
 	0	0	0	0	0	0	0	0	0	0	0	0	1	1	0	0
 	0	0	0	0	0	0	0	0	0	0	0	0	1	0	0	0
 	0	0	0	0	0	0	0	0	0	0	0	0	0	0	0	0


3F (?)	 	 	 	 	 	 	 	 	 	 	 	 	 	 	 	 
 	0	0	1	1	1	1	1	0	0	0	0	0	0	0	0	0
 	0	1	1	1	1	1	1	1	0	0	0	0	0	0	0	0
 	1	1	1	0	0	0	1	1	1	0	0	0	0	0	0	0
 	1	1	0	0	0	0	0	1	1	0	0	0	0	0	0	0
 	0	0	0	0	0	0	0	1	1	0	0	0	0	0	0	0
 	0	0	0	0	0	0	1	1	0	0	0	0	0	0	0	0
 	0	0	0	0	0	1	1	0	0	0	0	0	0	0	0	0
 	0	0	0	0	1	1	0	0	0	0	0	0	0	0	0	0
 	0	0	0	1	1	0	0	0	0	0	0	0	0	0	0	0
 	0	0	0	1	1	0	0	0	0	0	0	0	0	0	0	0
 	0	0	0	0	0	0	0	0	0	0	0	0	0	0	0	0
 	0	0	0	1	1	0	0	0	0	0	0	0	0	0	0	0
 	0	0	0	1	1	0	0	0	0	0	0	0	0	0	0	0
 	0	0	0	0	0	0	0	0	0	0	0	0	0	0	0	0
 	0	0	0	0	0	0	0	0	0	0	0	0	0	0	0	0
 	0	0	0	0	0	0	0	0	0	0	0	0	0	0	0	0


40 (@) LUL logo	 	 	 	 	 	 	 	 	 	 	 	 	 	 	 	 
 	0	0	0	0	0	0	0	0	0	0	0	0	0	0	0	0
 	0	0	0	0	0	0	1	1	1	1	0	0	0	0	0	0
 	0	0	0	0	1	1	1	1	1	1	1	1	0	0	0	0
 	0	0	0	1	1	1	0	0	0	0	1	1	1	0	0	0
 	0	0	1	1	0	0	0	0	0	0	0	0	1	1	0	0
 	0	0	1	1	0	0	0	0	0	0	0	0	1	1	0	0
 	1	1	1	1	1	1	1	1	1	1	1	1	1	1	1	1
 	1	1	1	1	1	1	1	1	1	1	1	1	1	1	1	1
 	1	1	1	1	1	1	1	1	1	1	1	1	1	1	1	1
 	0	0	1	1	0	0	0	0	0	0	0	0	1	1	0	0
 	0	0	1	1	0	0	0	0	0	0	0	0	1	1	0	0
 	0	0	0	1	1	1	0	0	0	0	1	1	1	0	0	0
 	0	0	0	0	1	1	1	1	1	1	1	1	0	0	0	0
 	0	0	0	0	0	0	1	1	1	1	0	0	0	0	0	0
 	0	0	0	0	0	0	0	0	0	0	0	0	0	0	0	0
 	0	0	0	0	0	0	0	0	0	0	0	0	0	0	0	0


41 (A)	 	 	 	 	 	 	 	 	 	 	 	 	 	 	 	 
 	0	0	0	0	1	1	1	0	0	0	0	0	0	0	0	0
 	0	0	0	0	1	1	1	0	0	0	0	0	0	0	0	0
 	0	0	0	1	1	0	1	1	0	0	0	0	0	0	0	0
 	0	0	0	1	1	0	1	1	0	0	0	0	0	0	0	0
 	0	0	1	1	0	0	0	1	1	0	0	0	0	0	0	0
 	0	0	1	1	0	0	0	1	1	0	0	0	0	0	0	0
 	0	0	1	1	0	0	0	1	1	0	0	0	0	0	0	0
 	0	1	1	0	0	0	0	0	1	1	0	0	0	0	0	0
 	0	1	1	1	1	1	1	1	1	1	0	0	0	0	0	0
 	0	1	1	1	1	1	1	1	1	1	0	0	0	0	0	0
 	1	1	0	0	0	0	0	0	0	1	1	0	0	0	0	0
 	1	1	0	0	0	0	0	0	0	1	1	0	0	0	0	0
 	1	1	0	0	0	0	0	0	0	1	1	0	0	0	0	0
 	0	0	0	0	0	0	0	0	0	0	0	0	0	0	0	0
 	0	0	0	0	0	0	0	0	0	0	0	0	0	0	0	0
 	0	0	0	0	0	0	0	0	0	0	0	0	0	0	0	0


42 (B)	 	 	 	 	 	 	 	 	 	 	 	 	 	 	 	 
 	1	1	1	1	1	1	1	1	0	0	0	0	0	0	0	0
 	1	1	1	1	1	1	1	1	1	0	0	0	0	0	0	0
 	1	1	0	0	0	0	0	1	1	0	0	0	0	0	0	0
 	1	1	0	0	0	0	0	1	1	0	0	0	0	0	0	0
 	1	1	0	0	0	0	0	1	1	0	0	0	0	0	0	0
 	1	1	1	1	1	1	1	1	0	0	0	0	0	0	0	0
 	1	1	1	1	1	1	1	1	1	0	0	0	0	0	0	0
 	1	1	0	0	0	0	0	1	1	1	0	0	0	0	0	0
 	1	1	0	0	0	0	0	0	1	1	0	0	0	0	0	0
 	1	1	0	0	0	0	0	0	1	1	0	0	0	0	0	0
 	1	1	0	0	0	0	0	1	1	1	0	0	0	0	0	0
 	1	1	1	1	1	1	1	1	1	0	0	0	0	0	0	0
 	1	1	1	1	1	1	1	1	0	0	0	0	0	0	0	0
 	0	0	0	0	0	0	0	0	0	0	0	0	0	0	0	0
 	0	0	0	0	0	0	0	0	0	0	0	0	0	0	0	0
 	0	0	0	0	0	0	0	0	0	0	0	0	0	0	0	0


43 (C)	 	 	 	 	 	 	 	 	 	 	 	 	 	 	 	 
 	0	0	0	1	1	1	1	1	1	0	0	0	0	0	0	0
 	0	0	1	1	1	1	1	1	1	1	0	0	0	0	0	0
 	0	1	1	1	0	0	0	0	1	1	1	0	0	0	0	0
 	0	1	1	0	0	0	0	0	0	1	1	0	0	0	0	0
 	1	1	0	0	0	0	0	0	0	0	0	0	0	0	0	0
 	1	1	0	0	0	0	0	0	0	0	0	0	0	0	0	0
 	1	1	0	0	0	0	0	0	0	0	0	0	0	0	0	0
 	1	1	0	0	0	0	0	0	0	0	0	0	0	0	0	0
 	1	1	0	0	0	0	0	0	0	0	0	0	0	0	0	0
 	0	1	1	0	0	0	0	0	0	1	1	0	0	0	0	0
 	0	1	1	1	0	0	0	0	1	1	1	0	0	0	0	0
 	0	0	1	1	1	1	1	1	1	1	0	0	0	0	0	0
 	0	0	0	1	1	1	1	1	1	0	0	0	0	0	0	0
 	0	0	0	0	0	0	0	0	0	0	0	0	0	0	0	0
 	0	0	0	0	0	0	0	0	0	0	0	0	0	0	0	0
 	0	0	0	0	0	0	0	0	0	0	0	0	0	0	0	0


44 (D)	 	 	 	 	 	 	 	 	 	 	 	 	 	 	 	 
 	1	1	1	1	1	1	1	1	0	0	0	0	0	0	0	0
 	1	1	1	1	1	1	1	1	1	0	0	0	0	0	0	0
 	1	1	0	0	0	0	0	1	1	1	0	0	0	0	0	0
 	1	1	0	0	0	0	0	0	1	1	1	0	0	0	0	0
 	1	1	0	0	0	0	0	0	0	1	1	0	0	0	0	0
 	1	1	0	0	0	0	0	0	0	1	1	0	0	0	0	0
 	1	1	0	0	0	0	0	0	0	1	1	0	0	0	0	0
 	1	1	0	0	0	0	0	0	0	1	1	0	0	0	0	0
 	1	1	0	0	0	0	0	0	0	1	1	0	0	0	0	0
 	1	1	0	0	0	0	0	0	1	1	1	0	0	0	0	0
 	1	1	0	0	0	0	0	1	1	1	0	0	0	0	0	0
 	1	1	1	1	1	1	1	1	1	0	0	0	0	0	0	0
 	1	1	1	1	1	1	1	1	0	0	0	0	0	0	0	0
 	0	0	0	0	0	0	0	0	0	0	0	0	0	0	0	0
 	0	0	0	0	0	0	0	0	0	0	0	0	0	0	0	0
 	0	0	0	0	0	0	0	0	0	0	0	0	0	0	0	0


45 (E)	 	 	 	 	 	 	 	 	 	 	 	 	 	 	 	 
 	1	1	1	1	1	1	1	1	1	0	0	0	0	0	0	0
 	1	1	1	1	1	1	1	1	1	0	0	0	0	0	0	0
 	1	1	0	0	0	0	0	0	0	0	0	0	0	0	0	0
 	1	1	0	0	0	0	0	0	0	0	0	0	0	0	0	0
 	1	1	0	0	0	0	0	0	0	0	0	0	0	0	0	0
 	1	1	1	1	1	1	1	1	1	0	0	0	0	0	0	0
 	1	1	1	1	1	1	1	1	1	0	0	0	0	0	0	0
 	1	1	0	0	0	0	0	0	0	0	0	0	0	0	0	0
 	1	1	0	0	0	0	0	0	0	0	0	0	0	0	0	0
 	1	1	0	0	0	0	0	0	0	0	0	0	0	0	0	0
 	1	1	0	0	0	0	0	0	0	0	0	0	0	0	0	0
 	1	1	1	1	1	1	1	1	1	0	0	0	0	0	0	0
 	1	1	1	1	1	1	1	1	1	0	0	0	0	0	0	0
 	0	0	0	0	0	0	0	0	0	0	0	0	0	0	0	0
 	0	0	0	0	0	0	0	0	0	0	0	0	0	0	0	0
 	0	0	0	0	0	0	0	0	0	0	0	0	0	0	0	0


46 (F)	 	 	 	 	 	 	 	 	 	 	 	 	 	 	 	 
 	1	1	1	1	1	1	1	1	0	0	0	0	0	0	0	0
 	1	1	1	1	1	1	1	1	0	0	0	0	0	0	0	0
 	1	1	0	0	0	0	0	0	0	0	0	0	0	0	0	0
 	1	1	0	0	0	0	0	0	0	0	0	0	0	0	0	0
 	1	1	0	0	0	0	0	0	0	0	0	0	0	0	0	0
 	1	1	1	1	1	1	1	0	0	0	0	0	0	0	0	0
 	1	1	1	1	1	1	1	0	0	0	0	0	0	0	0	0
 	1	1	0	0	0	0	0	0	0	0	0	0	0	0	0	0
 	1	1	0	0	0	0	0	0	0	0	0	0	0	0	0	0
 	1	1	0	0	0	0	0	0	0	0	0	0	0	0	0	0
 	1	1	0	0	0	0	0	0	0	0	0	0	0	0	0	0
 	1	1	0	0	0	0	0	0	0	0	0	0	0	0	0	0
 	1	1	0	0	0	0	0	0	0	0	0	0	0	0	0	0
 	0	0	0	0	0	0	0	0	0	0	0	0	0	0	0	0
 	0	0	0	0	0	0	0	0	0	0	0	0	0	0	0	0
 	0	0	0	0	0	0	0	0	0	0	0	0	0	0	0	0


47 (G)	 	 	 	 	 	 	 	 	 	 	 	 	 	 	 	 
 	0	0	0	1	1	1	1	1	1	0	0	0	0	0	0	0
 	0	0	1	1	1	1	1	1	1	1	0	0	0	0	0	0
 	0	1	1	1	0	0	0	0	1	1	1	0	0	0	0	0
 	1	1	1	0	0	0	0	0	0	1	1	0	0	0	0	0
 	1	1	0	0	0	0	0	0	0	0	0	0	0	0	0	0
 	1	1	0	0	0	0	0	0	0	0	0	0	0	0	0	0
 	1	1	0	0	0	0	0	0	0	0	0	0	0	0	0	0
 	1	1	0	0	0	0	1	1	1	1	1	0	0	0	0	0
 	1	1	0	0	0	0	1	1	1	1	1	0	0	0	0	0
 	1	1	1	0	0	0	0	0	0	1	1	0	0	0	0	0
 	0	1	1	1	0	0	0	0	1	1	1	0	0	0	0	0
 	0	0	1	1	1	1	1	1	1	1	1	0	0	0	0	0
 	0	0	0	1	1	1	1	1	0	1	1	0	0	0	0	0
 	0	0	0	0	0	0	0	0	0	0	0	0	0	0	0	0
 	0	0	0	0	0	0	0	0	0	0	0	0	0	0	0	0
 	0	0	0	0	0	0	0	0	0	0	0	0	0	0	0	0


48 (H)	 	 	 	 	 	 	 	 	 	 	 	 	 	 	 	 
 	1	1	0	0	0	0	0	1	1	0	0	0	0	0	0	0
 	1	1	0	0	0	0	0	1	1	0	0	0	0	0	0	0
 	1	1	0	0	0	0	0	1	1	0	0	0	0	0	0	0
 	1	1	0	0	0	0	0	1	1	0	0	0	0	0	0	0
 	1	1	0	0	0	0	0	1	1	0	0	0	0	0	0	0
 	1	1	1	1	1	1	1	1	1	0	0	0	0	0	0	0
 	1	1	1	1	1	1	1	1	1	0	0	0	0	0	0	0
 	1	1	0	0	0	0	0	1	1	0	0	0	0	0	0	0
 	1	1	0	0	0	0	0	1	1	0	0	0	0	0	0	0
 	1	1	0	0	0	0	0	1	1	0	0	0	0	0	0	0
 	1	1	0	0	0	0	0	1	1	0	0	0	0	0	0	0
 	1	1	0	0	0	0	0	1	1	0	0	0	0	0	0	0
 	1	1	0	0	0	0	0	1	1	0	0	0	0	0	0	0
 	0	0	0	0	0	0	0	0	0	0	0	0	0	0	0	0
 	0	0	0	0	0	0	0	0	0	0	0	0	0	0	0	0
 	0	0	0	0	0	0	0	0	0	0	0	0	0	0	0	0


49 (I)	 	 	 	 	 	 	 	 	 	 	 	 	 	 	 	 
 	1	1	0	0	0	0	0	0	0	0	0	0	0	0	0	0
 	1	1	0	0	0	0	0	0	0	0	0	0	0	0	0	0
 	1	1	0	0	0	0	0	0	0	0	0	0	0	0	0	0
 	1	1	0	0	0	0	0	0	0	0	0	0	0	0	0	0
 	1	1	0	0	0	0	0	0	0	0	0	0	0	0	0	0
 	1	1	0	0	0	0	0	0	0	0	0	0	0	0	0	0
 	1	1	0	0	0	0	0	0	0	0	0	0	0	0	0	0
 	1	1	0	0	0	0	0	0	0	0	0	0	0	0	0	0
 	1	1	0	0	0	0	0	0	0	0	0	0	0	0	0	0
 	1	1	0	0	0	0	0	0	0	0	0	0	0	0	0	0
 	1	1	0	0	0	0	0	0	0	0	0	0	0	0	0	0
 	1	1	0	0	0	0	0	0	0	0	0	0	0	0	0	0
 	1	1	0	0	0	0	0	0	0	0	0	0	0	0	0	0
 	0	0	0	0	0	0	0	0	0	0	0	0	0	0	0	0
 	0	0	0	0	0	0	0	0	0	0	0	0	0	0	0	0
 	0	0	0	0	0	0	0	0	0	0	0	0	0	0	0	0


4A (J)	 	 	 	 	 	 	 	 	 	 	 	 	 	 	 	 
 	0	0	1	1	0	0	0	0	0	0	0	0	0	0	0	0
 	0	0	1	1	0	0	0	0	0	0	0	0	0	0	0	0
 	0	0	1	1	0	0	0	0	0	0	0	0	0	0	0	0
 	0	0	1	1	0	0	0	0	0	0	0	0	0	0	0	0
 	0	0	1	1	0	0	0	0	0	0	0	0	0	0	0	0
 	0	0	1	1	0	0	0	0	0	0	0	0	0	0	0	0
 	0	0	1	1	0	0	0	0	0	0	0	0	0	0	0	0
 	0	0	1	1	0	0	0	0	0	0	0	0	0	0	0	0
 	0	0	1	1	0	0	0	0	0	0	0	0	0	0	0	0
 	0	0	1	1	0	0	0	0	0	0	0	0	0	0	0	0
 	0	0	1	1	0	0	0	0	0	0	0	0	0	0	0	0
 	1	1	1	1	0	0	0	0	0	0	0	0	0	0	0	0
 	1	1	1	0	0	0	0	0	0	0	0	0	0	0	0	0
 	0	0	0	0	0	0	0	0	0	0	0	0	0	0	0	0
 	0	0	0	0	0	0	0	0	0	0	0	0	0	0	0	0
 	0	0	0	0	0	0	0	0	0	0	0	0	0	0	0	0


4B (K)	 	 	 	 	 	 	 	 	 	 	 	 	 	 	 	 
 	1	1	0	0	0	0	0	0	1	1	0	0	0	0	0	0
 	1	1	0	0	0	0	0	1	1	0	0	0	0	0	0	0
 	1	1	0	0	0	0	1	1	0	0	0	0	0	0	0	0
 	1	1	0	0	0	1	1	0	0	0	0	0	0	0	0	0
 	1	1	0	0	1	1	0	0	0	0	0	0	0	0	0	0
 	1	1	0	1	1	0	0	0	0	0	0	0	0	0	0	0
 	1	1	1	1	1	0	0	0	0	0	0	0	0	0	0	0
 	1	1	1	1	1	0	0	0	0	0	0	0	0	0	0	0
 	1	1	1	0	1	1	0	0	0	0	0	0	0	0	0	0
 	1	1	0	0	0	1	1	0	0	0	0	0	0	0	0	0
 	1	1	0	0	0	0	1	1	0	0	0	0	0	0	0	0
 	1	1	0	0	0	0	0	1	1	0	0	0	0	0	0	0
 	1	1	0	0	0	0	0	0	1	1	0	0	0	0	0	0
 	0	0	0	0	0	0	0	0	0	0	0	0	0	0	0	0
 	0	0	0	0	0	0	0	0	0	0	0	0	0	0	0	0
 	0	0	0	0	0	0	0	0	0	0	0	0	0	0	0	0


4C (L)	 	 	 	 	 	 	 	 	 	 	 	 	 	 	 	 
 	1	1	0	0	0	0	0	0	0	0	0	0	0	0	0	0
 	1	1	0	0	0	0	0	0	0	0	0	0	0	0	0	0
 	1	1	0	0	0	0	0	0	0	0	0	0	0	0	0	0
 	1	1	0	0	0	0	0	0	0	0	0	0	0	0	0	0
 	1	1	0	0	0	0	0	0	0	0	0	0	0	0	0	0
 	1	1	0	0	0	0	0	0	0	0	0	0	0	0	0	0
 	1	1	0	0	0	0	0	0	0	0	0	0	0	0	0	0
 	1	1	0	0	0	0	0	0	0	0	0	0	0	0	0	0
 	1	1	0	0	0	0	0	0	0	0	0	0	0	0	0	0
 	1	1	0	0	0	0	0	0	0	0	0	0	0	0	0	0
 	1	1	0	0	0	0	0	0	0	0	0	0	0	0	0	0
 	1	1	1	1	1	1	1	1	1	0	0	0	0	0	0	0
 	1	1	1	1	1	1	1	1	1	0	0	0	0	0	0	0
 	0	0	0	0	0	0	0	0	0	0	0	0	0	0	0	0
 	0	0	0	0	0	0	0	0	0	0	0	0	0	0	0	0
 	0	0	0	0	0	0	0	0	0	0	0	0	0	0	0	0


4D (M)	 	 	 	 	 	 	 	 	 	 	 	 	 	 	 	 
 	1	1	1	0	0	0	0	0	0	0	1	1	1	0	0	0
 	1	1	1	0	0	0	0	0	0	0	1	1	1	0	0	0
 	1	1	1	1	0	0	0	0	0	1	1	1	1	0	0	0
 	1	1	1	1	0	0	0	0	0	1	1	1	1	0	0	0
 	1	1	1	1	0	0	0	0	0	1	1	1	1	0	0	0
 	1	1	0	1	1	0	0	0	1	1	0	1	1	0	0	0
 	1	1	0	1	1	0	0	0	1	1	0	1	1	0	0	0
 	1	1	0	1	1	0	0	0	1	1	0	1	1	0	0	0
 	1	1	0	0	1	1	0	1	1	0	0	1	1	0	0	0
 	1	1	0	0	1	1	0	1	1	0	0	1	1	0	0	0
 	1	1	0	0	1	1	1	1	1	0	0	1	1	0	0	0
 	1	1	0	0	0	1	1	1	0	0	0	1	1	0	0	0
 	1	1	0	0	0	1	1	1	0	0	0	1	1	0	0	0
 	0	0	0	0	0	0	0	0	0	0	0	0	0	0	0	0
 	0	0	0	0	0	0	0	0	0	0	0	0	0	0	0	0
 	0	0	0	0	0	0	0	0	0	0	0	0	0	0	0	0


4E (N)	 	 	 	 	 	 	 	 	 	 	 	 	 	 	 	 
 	1	1	1	1	0	0	0	0	0	1	1	0	0	0	0	0
 	1	1	1	1	0	0	0	0	0	1	1	0	0	0	0	0
 	1	1	0	1	1	0	0	0	0	1	1	0	0	0	0	0
 	1	1	0	1	1	0	0	0	0	1	1	0	0	0	0	0
 	1	1	0	1	1	1	0	0	0	1	1	0	0	0	0	0
 	1	1	0	0	1	1	0	0	0	1	1	0	0	0	0	0
 	1	1	0	0	1	1	1	0	0	1	1	0	0	0	0	0
 	1	1	0	0	0	1	1	0	0	1	1	0	0	0	0	0
 	1	1	0	0	0	1	1	1	0	1	1	0	0	0	0	0
 	1	1	0	0	0	0	1	1	0	1	1	0	0	0	0	0
 	1	1	0	0	0	0	1	1	1	1	1	0	0	0	0	0
 	1	1	0	0	0	0	0	1	1	1	1	0	0	0	0	0
 	1	1	0	0	0	0	0	1	1	1	1	0	0	0	0	0
 	0	0	0	0	0	0	0	0	0	0	0	0	0	0	0	0
 	0	0	0	0	0	0	0	0	0	0	0	0	0	0	0	0
 	0	0	0	0	0	0	0	0	0	0	0	0	0	0	0	0


4F (O)	 	 	 	 	 	 	 	 	 	 	 	 	 	 	 	 
 	0	0	0	1	1	1	1	1	0	0	0	0	0	0	0	0
 	0	0	1	1	1	1	1	1	1	0	0	0	0	0	0	0
 	0	1	1	1	0	0	0	1	1	1	0	0	0	0	0	0
 	0	1	1	0	0	0	0	0	1	1	0	0	0	0	0	0
 	1	1	0	0	0	0	0	0	0	1	1	0	0	0	0	0
 	1	1	0	0	0	0	0	0	0	1	1	0	0	0	0	0
 	1	1	0	0	0	0	0	0	0	1	1	0	0	0	0	0
 	1	1	0	0	0	0	0	0	0	1	1	0	0	0	0	0
 	1	1	0	0	0	0	0	0	0	1	1	0	0	0	0	0
 	0	1	1	0	0	0	0	0	1	1	0	0	0	0	0	0
 	0	1	1	1	0	0	0	1	1	1	0	0	0	0	0	0
 	0	0	1	1	1	1	1	1	1	0	0	0	0	0	0	0
 	0	0	0	1	1	1	1	1	0	0	0	0	0	0	0	0
 	0	0	0	0	0	0	0	0	0	0	0	0	0	0	0	0
 	0	0	0	0	0	0	0	0	0	0	0	0	0	0	0	0
 	0	0	0	0	0	0	0	0	0	0	0	0	0	0	0	0


50 (P)	 	 	 	 	 	 	 	 	 	 	 	 	 	 	 	 
 	1	1	1	1	1	1	1	0	0	0	0	0	0	0	0	0
 	1	1	1	1	1	1	1	1	0	0	0	0	0	0	0	0
 	1	1	0	0	0	0	1	1	1	0	0	0	0	0	0	0
 	1	1	0	0	0	0	0	1	1	0	0	0	0	0	0	0
 	1	1	0	0	0	0	0	1	1	0	0	0	0	0	0	0
 	1	1	0	0	0	0	1	1	1	0	0	0	0	0	0	0
 	1	1	1	1	1	1	1	1	0	0	0	0	0	0	0	0
 	1	1	1	1	1	1	1	0	0	0	0	0	0	0	0	0
 	1	1	0	0	0	0	0	0	0	0	0	0	0	0	0	0
 	1	1	0	0	0	0	0	0	0	0	0	0	0	0	0	0
 	1	1	0	0	0	0	0	0	0	0	0	0	0	0	0	0
 	1	1	0	0	0	0	0	0	0	0	0	0	0	0	0	0
 	1	1	0	0	0	0	0	0	0	0	0	0	0	0	0	0
 	0	0	0	0	0	0	0	0	0	0	0	0	0	0	0	0
 	0	0	0	0	0	0	0	0	0	0	0	0	0	0	0	0
 	0	0	0	0	0	0	0	0	0	0	0	0	0	0	0	0


51 (Q)	 	 	 	 	 	 	 	 	 	 	 	 	 	 	 	 
 	0	0	0	0	1	1	1	1	1	0	0	0	0	0	0	0
 	0	0	1	1	1	1	1	1	1	1	0	0	0	0	0	0
 	0	1	1	1	0	0	0	0	1	1	1	0	0	0	0	0
 	0	1	1	0	0	0	0	0	0	1	1	0	0	0	0	0
 	1	1	0	0	0	0	0	0	0	0	1	1	0	0	0	0
 	1	1	0	0	0	0	0	0	0	0	1	1	0	0	0	0
 	1	1	0	0	0	0	0	0	0	0	1	1	0	0	0	0
 	1	1	0	0	0	0	0	0	0	0	1	1	0	0	0	0
 	1	1	0	0	0	0	0	0	0	0	1	1	0	0	0	0
 	0	1	1	0	0	0	0	0	0	1	1	0	0	0	0	0
 	0	1	1	1	0	0	0	0	1	1	1	0	0	0	0	0
 	0	0	1	1	1	1	1	1	1	1	1	0	0	0	0	0
 	0	0	0	1	1	1	1	1	0	1	1	1	0	0	0	0
 	0	0	0	0	0	0	0	0	0	0	1	0	0	0	0	0
 	0	0	0	0	0	0	0	0	0	0	0	0	0	0	0	0
 	0	0	0	0	0	0	0	0	0	0	0	0	0	0	0	0


52 (R)	 	 	 	 	 	 	 	 	 	 	 	 	 	 	 	 
 	1	1	1	1	1	1	1	0	0	0	0	0	0	0	0	0
 	1	1	1	1	1	1	1	1	0	0	0	0	0	0	0	0
 	1	1	0	0	0	0	1	1	1	0	0	0	0	0	0	0
 	1	1	0	0	0	0	0	1	1	0	0	0	0	0	0	0
 	1	1	0	0	0	0	0	1	1	0	0	0	0	0	0	0
 	1	1	0	0	0	0	1	1	0	0	0	0	0	0	0	0
 	1	1	1	1	1	1	1	1	0	0	0	0	0	0	0	0
 	1	1	1	1	1	1	1	1	1	0	0	0	0	0	0	0
 	1	1	0	0	0	0	1	1	1	0	0	0	0	0	0	0
 	1	1	0	0	0	0	0	1	1	0	0	0	0	0	0	0
 	1	1	0	0	0	0	0	1	1	0	0	0	0	0	0	0
 	1	1	0	0	0	0	0	1	1	0	0	0	0	0	0	0
 	1	1	0	0	0	0	0	1	1	0	0	0	0	0	0	0
 	0	0	0	0	0	0	0	0	0	0	0	0	0	0	0	0
 	0	0	0	0	0	0	0	0	0	0	0	0	0	0	0	0
 	0	0	0	0	0	0	0	0	0	0	0	0	0	0	0	0


53 (S)	 	 	 	 	 	 	 	 	 	 	 	 	 	 	 	 
 	0	0	1	1	1	1	1	1	0	0	0	0	0	0	0	0
 	0	1	1	1	1	1	1	1	1	0	0	0	0	0	0	0
 	1	1	1	0	0	0	0	1	1	0	0	0	0	0	0	0
 	1	1	0	0	0	0	0	0	1	1	0	0	0	0	0	0
 	1	1	0	0	0	0	0	0	0	0	0	0	0	0	0	0
 	1	1	1	1	1	1	1	1	0	0	0	0	0	0	0	0
 	0	1	1	1	1	1	1	1	1	0	0	0	0	0	0	0
 	0	0	0	0	0	0	0	1	1	1	0	0	0	0	0	0
 	0	0	0	0	0	0	0	0	1	1	0	0	0	0	0	0
 	1	1	0	0	0	0	0	0	1	1	0	0	0	0	0	0
 	1	1	1	0	0	0	0	1	1	1	0	0	0	0	0	0
 	0	1	1	1	1	1	1	1	1	0	0	0	0	0	0	0
 	0	0	1	1	1	1	1	1	0	0	0	0	0	0	0	0
 	0	0	0	0	0	0	0	0	0	0	0	0	0	0	0	0
 	0	0	0	0	0	0	0	0	0	0	0	0	0	0	0	0
 	0	0	0	0	0	0	0	0	0	0	0	0	0	0	0	0


54 (T)	 	 	 	 	 	 	 	 	 	 	 	 	 	 	 	 
 	1	1	1	1	1	1	1	1	1	1	0	0	0	0	0	0
 	1	1	1	1	1	1	1	1	1	1	0	0	0	0	0	0
 	0	0	0	0	1	1	0	0	0	0	0	0	0	0	0	0
 	0	0	0	0	1	1	0	0	0	0	0	0	0	0	0	0
 	0	0	0	0	1	1	0	0	0	0	0	0	0	0	0	0
 	0	0	0	0	1	1	0	0	0	0	0	0	0	0	0	0
 	0	0	0	0	1	1	0	0	0	0	0	0	0	0	0	0
 	0	0	0	0	1	1	0	0	0	0	0	0	0	0	0	0
 	0	0	0	0	1	1	0	0	0	0	0	0	0	0	0	0
 	0	0	0	0	1	1	0	0	0	0	0	0	0	0	0	0
 	0	0	0	0	1	1	0	0	0	0	0	0	0	0	0	0
 	0	0	0	0	1	1	0	0	0	0	0	0	0	0	0	0
 	0	0	0	0	1	1	0	0	0	0	0	0	0	0	0	0
 	0	0	0	0	0	0	0	0	0	0	0	0	0	0	0	0
 	0	0	0	0	0	0	0	0	0	0	0	0	0	0	0	0
 	0	0	0	0	0	0	0	0	0	0	0	0	0	0	0	0


55 (U)	 	 	 	 	 	 	 	 	 	 	 	 	 	 	 	 
 	1	1	0	0	0	0	0	0	1	1	0	0	0	0	0	0
 	1	1	0	0	0	0	0	0	1	1	0	0	0	0	0	0
 	1	1	0	0	0	0	0	0	1	1	0	0	0	0	0	0
 	1	1	0	0	0	0	0	0	1	1	0	0	0	0	0	0
 	1	1	0	0	0	0	0	0	1	1	0	0	0	0	0	0
 	1	1	0	0	0	0	0	0	1	1	0	0	0	0	0	0
 	1	1	0	0	0	0	0	0	1	1	0	0	0	0	0	0
 	1	1	0	0	0	0	0	0	1	1	0	0	0	0	0	0
 	1	1	0	0	0	0	0	0	1	1	0	0	0	0	0	0
 	1	1	0	0	0	0	0	0	1	1	0	0	0	0	0	0
 	1	1	1	0	0	0	0	1	1	1	0	0	0	0	0	0
 	0	1	1	1	1	1	1	1	1	0	0	0	0	0	0	0
 	0	0	1	1	1	1	1	1	0	0	0	0	0	0	0	0
 	0	0	0	0	0	0	0	0	0	0	0	0	0	0	0	0
 	0	0	0	0	0	0	0	0	0	0	0	0	0	0	0	0
 	0	0	0	0	0	0	0	0	0	0	0	0	0	0	0	0


56 (V)	 	 	 	 	 	 	 	 	 	 	 	 	 	 	 	 
 	1	1	0	0	0	0	0	0	0	1	1	0	0	0	0	0
 	1	1	0	0	0	0	0	0	0	1	1	0	0	0	0	0
 	0	1	1	0	0	0	0	0	1	1	0	0	0	0	0	0
 	0	1	1	0	0	0	0	0	1	1	0	0	0	0	0	0
 	0	1	1	0	0	0	0	0	1	1	0	0	0	0	0	0
 	0	0	1	1	0	0	0	1	1	0	0	0	0	0	0	0
 	0	0	1	1	0	0	0	1	1	0	0	0	0	0	0	0
 	0	0	1	1	0	0	0	1	1	0	0	0	0	0	0	0
 	0	0	0	1	1	0	1	1	0	0	0	0	0	0	0	0
 	0	0	0	1	1	0	1	1	0	0	0	0	0	0	0	0
 	0	0	0	1	1	0	1	1	0	0	0	0	0	0	0	0
 	0	0	0	0	1	1	1	0	0	0	0	0	0	0	0	0
 	0	0	0	0	1	1	1	0	0	0	0	0	0	0	0	0
 	0	0	0	0	0	0	0	0	0	0	0	0	0	0	0	0
 	0	0	0	0	0	0	0	0	0	0	0	0	0	0	0	0
 	0	0	0	0	0	0	0	0	0	0	0	0	0	0	0	0


57 (W)	 	 	 	 	 	 	 	 	 	 	 	 	 	 	 	 
 	1	1	0	0	0	0	0	1	1	0	0	0	0	0	1	1
 	1	1	0	0	0	0	0	1	1	0	0	0	0	0	1	1
 	0	1	1	0	0	0	1	1	1	1	0	0	0	1	1	0
 	0	1	1	0	0	0	1	1	1	1	0	0	0	1	1	0
 	0	1	1	0	0	0	1	1	1	1	0	0	0	1	1	0
 	0	0	1	1	0	1	1	0	0	1	1	0	1	1	0	0
 	0	0	1	1	0	1	1	0	0	1	1	0	1	1	0	0
 	0	0	1	1	0	1	1	0	0	1	1	0	1	1	0	0
 	0	0	0	1	1	1	1	0	0	1	1	1	1	0	0	0
 	0	0	0	1	1	1	0	0	0	0	1	1	1	0	0	0
 	0	0	0	1	1	1	0	0	0	0	1	1	1	0	0	0
 	0	0	0	0	1	1	0	0	0	0	1	1	0	0	0	0
 	0	0	0	0	1	1	0	0	0	0	1	1	0	0	0	0
 	0	0	0	0	0	0	0	0	0	0	0	0	0	0	0	0
 	0	0	0	0	0	0	0	0	0	0	0	0	0	0	0	0
 	0	0	0	0	0	0	0	0	0	0	0	0	0	0	0	0


58 (X)	 	 	 	 	 	 	 	 	 	 	 	 	 	 	 	 
 	1	1	0	0	0	0	0	1	1	0	0	0	0	0	0	0
 	1	1	0	0	0	0	0	1	1	0	0	0	0	0	0	0
 	0	1	1	0	0	0	1	1	0	0	0	0	0	0	0	0
 	0	1	1	0	0	0	1	1	0	0	0	0	0	0	0	0
 	0	0	1	1	0	1	1	0	0	0	0	0	0	0	0	0
 	0	0	1	1	0	1	1	0	0	0	0	0	0	0	0	0
 	0	0	0	1	1	1	0	0	0	0	0	0	0	0	0	0
 	0	0	1	1	0	1	1	0	0	0	0	0	0	0	0	0
 	0	0	1	1	0	1	1	0	0	0	0	0	0	0	0	0
 	0	1	1	0	0	0	1	1	0	0	0	0	0	0	0	0
 	0	1	1	0	0	0	1	1	0	0	0	0	0	0	0	0
 	1	1	0	0	0	0	0	1	1	0	0	0	0	0	0	0
 	1	1	0	0	0	0	0	1	1	0	0	0	0	0	0	0
 	0	0	0	0	0	0	0	0	0	0	0	0	0	0	0	0
 	0	0	0	0	0	0	0	0	0	0	0	0	0	0	0	0
 	0	0	0	0	0	0	0	0	0	0	0	0	0	0	0	0


59 (Y)	 	 	 	 	 	 	 	 	 	 	 	 	 	 	 	 
 	1	1	0	0	0	0	0	0	1	1	0	0	0	0	0	0
 	1	1	0	0	0	0	0	0	1	1	0	0	0	0	0	0
 	0	1	1	0	0	0	0	1	1	0	0	0	0	0	0	0
 	0	1	1	0	0	0	0	1	1	0	0	0	0	0	0	0
 	0	0	1	1	0	0	1	1	0	0	0	0	0	0	0	0
 	0	0	1	1	0	0	1	1	0	0	0	0	0	0	0	0
 	0	0	0	1	1	1	1	0	0	0	0	0	0	0	0	0
 	0	0	0	1	1	1	1	0	0	0	0	0	0	0	0	0
 	0	0	0	0	1	1	0	0	0	0	0	0	0	0	0	0
 	0	0	0	0	1	1	0	0	0	0	0	0	0	0	0	0
 	0	0	0	0	1	1	0	0	0	0	0	0	0	0	0	0
 	0	0	0	0	1	1	0	0	0	0	0	0	0	0	0	0
 	0	0	0	0	1	1	0	0	0	0	0	0	0	0	0	0
 	0	0	0	0	0	0	0	0	0	0	0	0	0	0	0	0
 	0	0	0	0	0	0	0	0	0	0	0	0	0	0	0	0
 	0	0	0	0	0	0	0	0	0	0	0	0	0	0	0	0


5A (Z)	 	 	 	 	 	 	 	 	 	 	 	 	 	 	 	 
 	1	1	1	1	1	1	1	1	1	1	0	0	0	0	0	0
 	1	1	1	1	1	1	1	1	1	1	0	0	0	0	0	0
 	0	0	0	0	0	0	0	0	1	1	0	0	0	0	0	0
 	0	0	0	0	0	0	0	1	1	1	0	0	0	0	0	0
 	0	0	0	0	0	0	1	1	1	0	0	0	0	0	0	0
 	0	0	0	0	0	1	1	1	0	0	0	0	0	0	0	0
 	0	0	0	0	1	1	1	0	0	0	0	0	0	0	0	0
 	0	0	0	1	1	1	0	0	0	0	0	0	0	0	0	0
 	0	0	1	1	1	0	0	0	0	0	0	0	0	0	0	0
 	0	1	1	1	0	0	0	0	0	0	0	0	0	0	0	0
 	1	1	1	0	0	0	0	0	0	0	0	0	0	0	0	0
 	1	1	1	1	1	1	1	1	1	1	0	0	0	0	0	0
 	1	1	1	1	1	1	1	1	1	1	0	0	0	0	0	0
 	0	0	0	0	0	0	0	0	0	0	0	0	0	0	0	0
 	0	0	0	0	0	0	0	0	0	0	0	0	0	0	0	0
 	0	0	0	0	0	0	0	0	0	0	0	0	0	0	0	0


5B ([)	 	 	 	 	 	 	 	 	 	 	 	 	 	 	 	 
 	1	1	1	1	1	1	0	0	0	0	0	0	0	0	0	0
 	1	1	1	1	1	1	0	0	0	0	0	0	0	0	0	0
 	1	1	0	0	0	0	0	0	0	0	0	0	0	0	0	0
 	1	1	0	0	0	0	0	0	0	0	0	0	0	0	0	0
 	1	1	0	0	0	0	0	0	0	0	0	0	0	0	0	0
 	1	1	0	0	0	0	0	0	0	0	0	0	0	0	0	0
 	1	1	0	0	0	0	0	0	0	0	0	0	0	0	0	0
 	1	1	0	0	0	0	0	0	0	0	0	0	0	0	0	0
 	1	1	0	0	0	0	0	0	0	0	0	0	0	0	0	0
 	1	1	0	0	0	0	0	0	0	0	0	0	0	0	0	0
 	1	1	0	0	0	0	0	0	0	0	0	0	0	0	0	0
 	1	1	1	1	1	1	0	0	0	0	0	0	0	0	0	0
 	1	1	1	1	1	1	0	0	0	0	0	0	0	0	0	0
 	0	0	0	0	0	0	0	0	0	0	0	0	0	0	0	0
 	0	0	0	0	0	0	0	0	0	0	0	0	0	0	0	0
 	0	0	0	0	0	0	0	0	0	0	0	0	0	0	0	0


5C (\)	 	 	 	 	 	 	 	 	 	 	 	 	 	 	 	 
 	1	1	0	0	0	0	0	0	0	0	0	0	0	0	0	0
 	1	1	0	0	0	0	0	0	0	0	0	0	0	0	0	0
 	0	1	1	0	0	0	0	0	0	0	0	0	0	0	0	0
 	0	1	1	0	0	0	0	0	0	0	0	0	0	0	0	0
 	0	0	1	1	0	0	0	0	0	0	0	0	0	0	0	0
 	0	0	1	1	0	0	0	0	0	0	0	0	0	0	0	0
 	0	0	0	1	1	0	0	0	0	0	0	0	0	0	0	0
 	0	0	0	1	1	0	0	0	0	0	0	0	0	0	0	0
 	0	0	0	0	1	1	0	0	0	0	0	0	0	0	0	0
 	0	0	0	0	1	1	0	0	0	0	0	0	0	0	0	0
 	0	0	0	0	0	1	1	0	0	0	0	0	0	0	0	0
 	0	0	0	0	0	1	1	0	0	0	0	0	0	0	0	0
 	0	0	0	0	0	0	1	1	0	0	0	0	0	0	0	0
 	0	0	0	0	0	0	1	1	0	0	0	0	0	0	0	0
 	0	0	0	0	0	0	0	0	0	0	0	0	0	0	0	0
 	0	0	0	0	0	0	0	0	0	0	0	0	0	0	0	0


5D (])	 	 	 	 	 	 	 	 	 	 	 	 	 	 	 	 
 	1	1	1	1	1	1	0	0	0	0	0	0	0	0	0	0
 	1	1	1	1	1	1	0	0	0	0	0	0	0	0	0	0
 	0	0	0	0	1	1	0	0	0	0	0	0	0	0	0	0
 	0	0	0	0	1	1	0	0	0	0	0	0	0	0	0	0
 	0	0	0	0	1	1	0	0	0	0	0	0	0	0	0	0
 	0	0	0	0	1	1	0	0	0	0	0	0	0	0	0	0
 	0	0	0	0	1	1	0	0	0	0	0	0	0	0	0	0
 	0	0	0	0	1	1	0	0	0	0	0	0	0	0	0	0
 	0	0	0	0	1	1	0	0	0	0	0	0	0	0	0	0
 	0	0	0	0	1	1	0	0	0	0	0	0	0	0	0	0
 	0	0	0	0	1	1	0	0	0	0	0	0	0	0	0	0
 	1	1	1	1	1	1	0	0	0	0	0	0	0	0	0	0
 	1	1	1	1	1	1	0	0	0	0	0	0	0	0	0	0
 	0	0	0	0	0	0	0	0	0	0	0	0	0	0	0	0
 	0	0	0	0	0	0	0	0	0	0	0	0	0	0	0	0
 	0	0	0	0	0	0	0	0	0	0	0	0	0	0	0	0


5E (^)	 	 	 	 	 	 	 	 	 	 	 	 	 	 	 	 
 	0	0	0	0	1	1	0	0	0	0	0	0	0	0	0	0
 	0	0	0	1	1	1	1	0	0	0	0	0	0	0	0	0
 	0	0	1	1	1	1	1	1	0	0	0	0	0	0	0	0
 	0	1	1	0	1	1	0	1	1	0	0	0	0	0	0	0
 	1	1	0	0	1	1	0	0	1	1	0	0	0	0	0	0
 	0	0	0	0	1	1	0	0	0	0	0	0	0	0	0	0
 	0	0	0	0	1	1	0	0	0	0	0	0	0	0	0	0
 	0	0	0	0	1	1	0	0	0	0	0	0	0	0	0	0
 	0	0	0	0	1	1	0	0	0	0	0	0	0	0	0	0
 	0	0	0	0	1	1	0	0	0	0	0	0	0	0	0	0
 	0	0	0	0	1	1	0	0	0	0	0	0	0	0	0	0
 	0	0	0	0	1	1	0	0	0	0	0	0	0	0	0	0
 	0	0	0	0	1	1	0	0	0	0	0	0	0	0	0	0
 	0	0	0	0	0	0	0	0	0	0	0	0	0	0	0	0
 	0	0	0	0	0	0	0	0	0	0	0	0	0	0	0	0
 	0	0	0	0	0	0	0	0	0	0	0	0	0	0	0	0


5F (_)	 	 	 	 	 	 	 	 	 	 	 	 	 	 	 	 
 	0	0	0	0	0	0	0	0	0	0	0	0	0	0	0	0
 	0	0	0	0	0	0	0	0	0	0	0	0	0	0	0	0
 	0	0	0	0	0	0	0	0	0	0	0	0	0	0	0	0
 	0	0	0	0	0	0	0	0	0	0	0	0	0	0	0	0
 	0	0	0	0	0	0	0	0	0	0	0	0	0	0	0	0
 	0	0	0	0	0	0	0	0	0	0	0	0	0	0	0	0
 	0	0	0	0	0	0	0	0	0	0	0	0	0	0	0	0
 	0	0	0	0	0	0	0	0	0	0	0	0	0	0	0	0
 	0	0	0	0	0	0	0	0	0	0	0	0	0	0	0	0
 	0	0	0	0	0	0	0	0	0	0	0	0	0	0	0	0
 	0	0	0	0	0	0	0	0	0	0	0	0	0	0	0	0
 	1	1	1	1	1	1	1	1	1	0	0	0	0	0	0	0
 	1	1	1	1	1	1	1	1	1	0	0	0	0	0	0	0
 	0	0	0	0	0	0	0	0	0	0	0	0	0	0	0	0
 	0	0	0	0	0	0	0	0	0	0	0	0	0	0	0	0
 	0	0	0	0	0	0	0	0	0	0	0	0	0	0	0	0


60 (`)	 	 	 	 	 	 	 	 	 	 	 	 	 	 	 	 
 	0	0	0	0	0	0	0	0	0	0	0	0	0	0	0	0
 	0	0	0	0	0	0	0	0	0	0	0	0	0	0	0	0
 	0	0	0	0	0	0	0	0	0	0	0	0	0	0	0	0
 	0	0	0	0	0	0	0	0	0	0	0	0	0	0	0	0
 	0	0	0	0	0	0	0	0	0	0	0	0	0	0	0	0
 	0	0	0	0	0	0	0	0	0	0	0	0	0	0	0	0
 	0	0	0	0	0	0	0	0	0	0	0	0	0	0	0	0
 	0	0	0	0	0	0	0	0	0	0	0	0	0	0	0	0
 	0	0	0	0	0	0	0	0	0	0	0	0	0	0	0	0
 	0	0	0	0	0	0	0	0	0	0	0	0	0	0	0	0
 	0	0	0	0	0	0	0	0	0	0	0	0	0	0	0	0
 	0	0	0	0	0	0	0	0	0	0	0	0	0	0	0	0
 	0	0	0	0	0	0	0	0	0	0	0	0	0	0	0	0
 	0	0	0	0	0	0	0	0	0	0	0	0	0	0	0	0
 	0	0	0	0	0	0	0	0	0	0	0	0	0	0	0	0
 	0	0	0	0	0	0	0	0	0	0	0	0	0	0	0	0


61 (a)	 	 	 	 	 	 	 	 	 	 	 	 	 	 	 	 
 	0	0	0	0	0	0	0	0	0	0	0	0	0	0	0	0
 	0	0	0	0	0	0	0	0	0	0	0	0	0	0	0	0
 	0	0	0	0	0	0	0	0	0	0	0	0	0	0	0	0
 	0	1	1	1	1	1	1	0	0	0	0	0	0	0	0	0
 	1	1	1	1	1	1	1	1	0	0	0	0	0	0	0	0
 	1	1	0	0	0	0	1	1	0	0	0	0	0	0	0	0
 	0	0	0	0	0	0	1	1	0	0	0	0	0	0	0	0
 	0	1	1	1	1	1	1	1	0	0	0	0	0	0	0	0
 	1	1	1	1	1	0	1	1	0	0	0	0	0	0	0	0
 	1	1	0	0	0	0	1	1	0	0	0	0	0	0	0	0
 	1	1	0	0	0	0	1	1	0	0	0	0	0	0	0	0
 	1	1	1	1	1	1	1	1	0	0	0	0	0	0	0	0
 	0	1	1	1	1	0	1	1	0	0	0	0	0	0	0	0
 	0	0	0	0	0	0	0	0	0	0	0	0	0	0	0	0
 	0	0	0	0	0	0	0	0	0	0	0	0	0	0	0	0
 	0	0	0	0	0	0	0	0	0	0	0	0	0	0	0	0


62 (b)	 	 	 	 	 	 	 	 	 	 	 	 	 	 	 	 
 	1	1	0	0	0	0	0	0	0	0	0	0	0	0	0	0
 	1	1	0	0	0	0	0	0	0	0	0	0	0	0	0	0
 	1	1	0	0	0	0	0	0	0	0	0	0	0	0	0	0
 	1	1	0	1	1	1	1	0	0	0	0	0	0	0	0	0
 	1	1	1	1	1	1	1	1	0	0	0	0	0	0	0	0
 	1	1	1	0	0	0	1	1	1	0	0	0	0	0	0	0
 	1	1	0	0	0	0	0	1	1	0	0	0	0	0	0	0
 	1	1	0	0	0	0	0	1	1	0	0	0	0	0	0	0
 	1	1	0	0	0	0	0	1	1	0	0	0	0	0	0	0
 	1	1	0	0	0	0	0	1	1	0	0	0	0	0	0	0
 	1	1	1	0	0	0	1	1	1	0	0	0	0	0	0	0
 	1	1	1	1	1	1	1	1	0	0	0	0	0	0	0	0
 	1	1	0	1	1	1	1	0	0	0	0	0	0	0	0	0
 	0	0	0	0	0	0	0	0	0	0	0	0	0	0	0	0
 	0	0	0	0	0	0	0	0	0	0	0	0	0	0	0	0
 	0	0	0	0	0	0	0	0	0	0	0	0	0	0	0	0


63 (c)	 	 	 	 	 	 	 	 	 	 	 	 	 	 	 	 
 	0	0	0	0	0	0	0	0	0	0	0	0	0	0	0	0
 	0	0	0	0	0	0	0	0	0	0	0	0	0	0	0	0
 	0	0	0	0	0	0	0	0	0	0	0	0	0	0	0	0
 	0	0	1	1	1	1	1	0	0	0	0	0	0	0	0	0
 	0	1	1	1	1	1	1	1	0	0	0	0	0	0	0	0
 	1	1	1	0	0	0	1	1	1	0	0	0	0	0	0	0
 	1	1	0	0	0	0	0	1	1	0	0	0	0	0	0	0
 	1	1	0	0	0	0	0	0	0	0	0	0	0	0	0	0
 	1	1	0	0	0	0	0	0	0	0	0	0	0	0	0	0
 	1	1	0	0	0	0	0	1	1	0	0	0	0	0	0	0
 	1	1	1	0	0	0	1	1	1	0	0	0	0	0	0	0
 	0	1	1	1	1	1	1	1	0	0	0	0	0	0	0	0
 	0	0	1	1	1	1	1	0	0	0	0	0	0	0	0	0
 	0	0	0	0	0	0	0	0	0	0	0	0	0	0	0	0
 	0	0	0	0	0	0	0	0	0	0	0	0	0	0	0	0
 	0	0	0	0	0	0	0	0	0	0	0	0	0	0	0	0


64 (d)	 	 	 	 	 	 	 	 	 	 	 	 	 	 	 	 
 	0	0	0	0	0	0	0	1	1	0	0	0	0	0	0	0
 	0	0	0	0	0	0	0	1	1	0	0	0	0	0	0	0
 	0	0	0	0	0	0	0	1	1	0	0	0	0	0	0	0
 	0	0	1	1	1	1	0	1	1	0	0	0	0	0	0	0
 	0	1	1	1	1	1	1	1	1	0	0	0	0	0	0	0
 	1	1	1	0	0	0	1	1	1	0	0	0	0	0	0	0
 	1	1	0	0	0	0	0	1	1	0	0	0	0	0	0	0
 	1	1	0	0	0	0	0	1	1	0	0	0	0	0	0	0
 	1	1	0	0	0	0	0	1	1	0	0	0	0	0	0	0
 	1	1	0	0	0	0	0	1	1	0	0	0	0	0	0	0
 	1	1	1	0	0	0	1	1	1	0	0	0	0	0	0	0
 	0	1	1	1	1	1	1	1	1	0	0	0	0	0	0	0
 	0	0	1	1	1	1	0	1	1	0	0	0	0	0	0	0
 	0	0	0	0	0	0	0	0	0	0	0	0	0	0	0	0
 	0	0	0	0	0	0	0	0	0	0	0	0	0	0	0	0
 	0	0	0	0	0	0	0	0	0	0	0	0	0	0	0	0


65 (e)	 	 	 	 	 	 	 	 	 	 	 	 	 	 	 	 
 	0	0	0	0	0	0	0	0	0	0	0	0	0	0	0	0
 	0	0	0	0	0	0	0	0	0	0	0	0	0	0	0	0
 	0	0	0	0	0	0	0	0	0	0	0	0	0	0	0	0
 	0	0	1	1	1	1	1	0	0	0	0	0	0	0	0	0
 	0	1	1	1	1	1	1	1	0	0	0	0	0	0	0	0
 	1	1	1	0	0	0	1	1	1	0	0	0	0	0	0	0
 	1	1	0	0	0	0	0	1	1	0	0	0	0	0	0	0
 	1	1	1	1	1	1	1	1	1	0	0	0	0	0	0	0
 	1	1	1	1	1	1	1	1	1	0	0	0	0	0	0	0
 	1	1	0	0	0	0	0	0	0	0	0	0	0	0	0	0
 	1	1	1	0	0	0	1	1	1	0	0	0	0	0	0	0
 	0	1	1	1	1	1	1	1	0	0	0	0	0	0	0	0
 	0	0	1	1	1	1	1	0	0	0	0	0	0	0	0	0
 	0	0	0	0	0	0	0	0	0	0	0	0	0	0	0	0
 	0	0	0	0	0	0	0	0	0	0	0	0	0	0	0	0
 	0	0	0	0	0	0	0	0	0	0	0	0	0	0	0	0


66 (f)	 	 	 	 	 	 	 	 	 	 	 	 	 	 	 	 
 	0	0	1	1	1	0	0	0	0	0	0	0	0	0	0	0
 	0	1	1	1	1	0	0	0	0	0	0	0	0	0	0	0
 	0	1	1	0	0	0	0	0	0	0	0	0	0	0	0	0
 	1	1	1	1	1	0	0	0	0	0	0	0	0	0	0	0
 	1	1	1	1	1	0	0	0	0	0	0	0	0	0	0	0
 	0	1	1	0	0	0	0	0	0	0	0	0	0	0	0	0
 	0	1	1	0	0	0	0	0	0	0	0	0	0	0	0	0
 	0	1	1	0	0	0	0	0	0	0	0	0	0	0	0	0
 	0	1	1	0	0	0	0	0	0	0	0	0	0	0	0	0
 	0	1	1	0	0	0	0	0	0	0	0	0	0	0	0	0
 	0	1	1	0	0	0	0	0	0	0	0	0	0	0	0	0
 	0	1	1	0	0	0	0	0	0	0	0	0	0	0	0	0
 	0	1	1	0	0	0	0	0	0	0	0	0	0	0	0	0
 	0	0	0	0	0	0	0	0	0	0	0	0	0	0	0	0
 	0	0	0	0	0	0	0	0	0	0	0	0	0	0	0	0
 	0	0	0	0	0	0	0	0	0	0	0	0	0	0	0	0


67 (g)	 	 	 	 	 	 	 	 	 	 	 	 	 	 	 	 
 	0	0	0	0	0	0	0	0	0	0	0	0	0	0	0	0
 	0	0	0	0	0	0	0	0	0	0	0	0	0	0	0	0
 	0	0	0	0	0	0	0	0	0	0	0	0	0	0	0	0
 	0	0	1	1	1	1	0	1	1	0	0	0	0	0	0	0
 	0	1	1	1	1	1	1	1	1	0	0	0	0	0	0	0
 	1	1	1	0	0	0	1	1	1	0	0	0	0	0	0	0
 	1	1	0	0	0	0	0	1	1	0	0	0	0	0	0	0
 	1	1	0	0	0	0	0	1	1	0	0	0	0	0	0	0
 	1	1	0	0	0	0	0	1	1	0	0	0	0	0	0	0
 	1	1	1	0	0	0	1	1	1	0	0	0	0	0	0	0
 	0	1	1	1	1	1	1	1	1	0	0	0	0	0	0	0
 	0	0	1	1	1	1	0	1	1	0	0	0	0	0	0	0
 	0	0	0	0	0	0	0	1	1	0	0	0	0	0	0	0
 	1	1	0	0	0	0	1	1	1	0	0	0	0	0	0	0
 	0	1	1	1	1	1	1	1	0	0	0	0	0	0	0	0
 	0	0	1	1	1	1	1	0	0	0	0	0	0	0	0	0


68 (h)	 	 	 	 	 	 	 	 	 	 	 	 	 	 	 	 
 	1	1	0	0	0	0	0	0	0	0	0	0	0	0	0	0
 	1	1	0	0	0	0	0	0	0	0	0	0	0	0	0	0
 	1	1	0	0	0	0	0	0	0	0	0	0	0	0	0	0
 	1	1	0	1	1	1	1	0	0	0	0	0	0	0	0	0
 	1	1	1	1	1	1	1	1	0	0	0	0	0	0	0	0
 	1	1	1	0	0	0	1	1	0	0	0	0	0	0	0	0
 	1	1	0	0	0	0	1	1	0	0	0	0	0	0	0	0
 	1	1	0	0	0	0	1	1	0	0	0	0	0	0	0	0
 	1	1	0	0	0	0	1	1	0	0	0	0	0	0	0	0
 	1	1	0	0	0	0	1	1	0	0	0	0	0	0	0	0
 	1	1	0	0	0	0	1	1	0	0	0	0	0	0	0	0
 	1	1	0	0	0	0	1	1	0	0	0	0	0	0	0	0
 	1	1	0	0	0	0	1	1	0	0	0	0	0	0	0	0
 	0	0	0	0	0	0	0	0	0	0	0	0	0	0	0	0
 	0	0	0	0	0	0	0	0	0	0	0	0	0	0	0	0
 	0	0	0	0	0	0	0	0	0	0	0	0	0	0	0	0


69 (i)	 	 	 	 	 	 	 	 	 	 	 	 	 	 	 	 
 	1	1	0	0	0	0	0	0	0	0	0	0	0	0	0	0
 	1	1	0	0	0	0	0	0	0	0	0	0	0	0	0	0
 	0	0	0	0	0	0	0	0	0	0	0	0	0	0	0	0
 	1	1	0	0	0	0	0	0	0	0	0	0	0	0	0	0
 	1	1	0	0	0	0	0	0	0	0	0	0	0	0	0	0
 	1	1	0	0	0	0	0	0	0	0	0	0	0	0	0	0
 	1	1	0	0	0	0	0	0	0	0	0	0	0	0	0	0
 	1	1	0	0	0	0	0	0	0	0	0	0	0	0	0	0
 	1	1	0	0	0	0	0	0	0	0	0	0	0	0	0	0
 	1	1	0	0	0	0	0	0	0	0	0	0	0	0	0	0
 	1	1	0	0	0	0	0	0	0	0	0	0	0	0	0	0
 	1	1	0	0	0	0	0	0	0	0	0	0	0	0	0	0
 	1	1	0	0	0	0	0	0	0	0	0	0	0	0	0	0
 	0	0	0	0	0	0	0	0	0	0	0	0	0	0	0	0
 	0	0	0	0	0	0	0	0	0	0	0	0	0	0	0	0
 	0	0	0	0	0	0	0	0	0	0	0	0	0	0	0	0


6A (j)	 	 	 	 	 	 	 	 	 	 	 	 	 	 	 	 
 	0	0	0	0	0	0	0	0	0	0	0	0	0	0	0	0
 	0	0	0	0	0	0	0	0	0	0	0	0	0	0	0	0
 	0	0	0	0	0	0	0	0	0	0	0	0	0	0	0	0
 	0	0	1	1	0	0	0	0	0	0	0	0	0	0	0	0
 	0	0	1	1	0	0	0	0	0	0	0	0	0	0	0	0
 	0	0	0	0	0	0	0	0	0	0	0	0	0	0	0	0
 	0	0	1	1	0	0	0	0	0	0	0	0	0	0	0	0
 	0	0	1	1	0	0	0	0	0	0	0	0	0	0	0	0
 	0	0	1	1	0	0	0	0	0	0	0	0	0	0	0	0
 	0	0	1	1	0	0	0	0	0	0	0	0	0	0	0	0
 	0	0	1	1	0	0	0	0	0	0	0	0	0	0	0	0
 	0	0	1	1	0	0	0	0	0	0	0	0	0	0	0	0
 	0	0	1	1	0	0	0	0	0	0	0	0	0	0	0	0
 	0	0	1	1	0	0	0	0	0	0	0	0	0	0	0	0
 	1	1	1	1	0	0	0	0	0	0	0	0	0	0	0	0
 	1	1	1	0	0	0	0	0	0	0	0	0	0	0	0	0


6B (k)	 	 	 	 	 	 	 	 	 	 	 	 	 	 	 	 
 	1	1	0	0	0	0	0	0	0	0	0	0	0	0	0	0
 	1	1	0	0	0	0	0	0	0	0	0	0	0	0	0	0
 	1	1	0	0	0	0	0	0	0	0	0	0	0	0	0	0
 	1	1	0	0	0	0	1	1	0	0	0	0	0	0	0	0
 	1	1	0	0	0	1	1	0	0	0	0	0	0	0	0	0
 	1	1	0	0	1	1	0	0	0	0	0	0	0	0	0	0
 	1	1	0	1	1	0	0	0	0	0	0	0	0	0	0	0
 	1	1	1	1	0	0	0	0	0	0	0	0	0	0	0	0
 	1	1	0	1	1	0	0	0	0	0	0	0	0	0	0	0
 	1	1	0	0	1	1	0	0	0	0	0	0	0	0	0	0
 	1	1	0	0	0	1	1	0	0	0	0	0	0	0	0	0
 	1	1	0	0	0	0	1	1	0	0	0	0	0	0	0	0
 	1	1	0	0	0	0	0	1	1	0	0	0	0	0	0	0
 	0	0	0	0	0	0	0	0	0	0	0	0	0	0	0	0
 	0	0	0	0	0	0	0	0	0	0	0	0	0	0	0	0
 	0	0	0	0	0	0	0	0	0	0	0	0	0	0	0	0


6C (l)	 	 	 	 	 	 	 	 	 	 	 	 	 	 	 	 
 	1	1	0	0	0	0	0	0	0	0	0	0	0	0	0	0
 	1	1	0	0	0	0	0	0	0	0	0	0	0	0	0	0
 	1	1	0	0	0	0	0	0	0	0	0	0	0	0	0	0
 	1	1	0	0	0	0	0	0	0	0	0	0	0	0	0	0
 	1	1	0	0	0	0	0	0	0	0	0	0	0	0	0	0
 	1	1	0	0	0	0	0	0	0	0	0	0	0	0	0	0
 	1	1	0	0	0	0	0	0	0	0	0	0	0	0	0	0
 	1	1	0	0	0	0	0	0	0	0	0	0	0	0	0	0
 	1	1	0	0	0	0	0	0	0	0	0	0	0	0	0	0
 	1	1	0	0	0	0	0	0	0	0	0	0	0	0	0	0
 	1	1	0	0	0	0	0	0	0	0	0	0	0	0	0	0
 	1	1	0	0	0	0	0	0	0	0	0	0	0	0	0	0
 	1	1	0	0	0	0	0	0	0	0	0	0	0	0	0	0
 	0	0	0	0	0	0	0	0	0	0	0	0	0	0	0	0
 	0	0	0	0	0	0	0	0	0	0	0	0	0	0	0	0
 	0	0	0	0	0	0	0	0	0	0	0	0	0	0	0	0


6D (m)	 	 	 	 	 	 	 	 	 	 	 	 	 	 	 	 
 	0	0	0	0	0	0	0	0	0	0	0	0	0	0	0	0
 	0	0	0	0	0	0	0	0	0	0	0	0	0	0	0	0
 	0	0	0	0	0	0	0	0	0	0	0	0	0	0	0	0
 	1	1	0	1	1	1	1	0	1	1	1	0	0	0	0	0
 	1	1	1	1	1	1	1	1	1	1	1	1	0	0	0	0
 	1	1	1	0	1	1	1	1	0	1	1	1	0	0	0	0
 	1	1	0	0	0	1	1	0	0	0	1	1	0	0	0	0
 	1	1	0	0	0	1	1	0	0	0	1	1	0	0	0	0
 	1	1	0	0	0	1	1	0	0	0	1	1	0	0	0	0
 	1	1	0	0	0	1	1	0	0	0	1	1	0	0	0	0
 	1	1	0	0	0	1	1	0	0	0	1	1	0	0	0	0
 	1	1	0	0	0	1	1	0	0	0	1	1	0	0	0	0
 	1	1	0	0	0	1	1	0	0	0	1	1	0	0	0	0
 	0	0	0	0	0	0	0	0	0	0	0	0	0	0	0	0
 	0	0	0	0	0	0	0	0	0	0	0	0	0	0	0	0
 	0	0	0	0	0	0	0	0	0	0	0	0	0	0	0	0


6E (n)	 	 	 	 	 	 	 	 	 	 	 	 	 	 	 	 
 	0	0	0	0	0	0	0	0	0	0	0	0	0	0	0	0
 	0	0	0	0	0	0	0	0	0	0	0	0	0	0	0	0
 	0	0	0	0	0	0	0	0	0	0	0	0	0	0	0	0
 	1	1	0	1	1	1	1	0	0	0	0	0	0	0	0	0
 	1	1	1	1	1	1	1	1	0	0	0	0	0	0	0	0
 	1	1	1	0	0	0	1	1	0	0	0	0	0	0	0	0
 	1	1	0	0	0	0	1	1	0	0	0	0	0	0	0	0
 	1	1	0	0	0	0	1	1	0	0	0	0	0	0	0	0
 	1	1	0	0	0	0	1	1	0	0	0	0	0	0	0	0
 	1	1	0	0	0	0	1	1	0	0	0	0	0	0	0	0
 	1	1	0	0	0	0	1	1	0	0	0	0	0	0	0	0
 	1	1	0	0	0	0	1	1	0	0	0	0	0	0	0	0
 	1	1	0	0	0	0	1	1	0	0	0	0	0	0	0	0
 	0	0	0	0	0	0	0	0	0	0	0	0	0	0	0	0
 	0	0	0	0	0	0	0	0	0	0	0	0	0	0	0	0
 	0	0	0	0	0	0	0	0	0	0	0	0	0	0	0	0


6F (o)	 	 	 	 	 	 	 	 	 	 	 	 	 	 	 	 
 	0	0	0	0	0	0	0	0	0	0	0	0	0	0	0	0
 	0	0	0	0	0	0	0	0	0	0	0	0	0	0	0	0
 	0	0	0	0	0	0	0	0	0	0	0	0	0	0	0	0
 	0	0	1	1	1	1	1	0	0	0	0	0	0	0	0	0
 	0	1	1	1	1	1	1	1	0	0	0	0	0	0	0	0
 	1	1	1	0	0	0	1	1	1	0	0	0	0	0	0	0
 	1	1	0	0	0	0	0	1	1	0	0	0	0	0	0	0
 	1	1	0	0	0	0	0	1	1	0	0	0	0	0	0	0
 	1	1	0	0	0	0	0	1	1	0	0	0	0	0	0	0
 	1	1	0	0	0	0	0	1	1	0	0	0	0	0	0	0
 	1	1	1	0	0	0	1	1	1	0	0	0	0	0	0	0
 	0	1	1	1	1	1	1	1	0	0	0	0	0	0	0	0
 	0	0	1	1	1	1	1	0	0	0	0	0	0	0	0	0
 	0	0	0	0	0	0	0	0	0	0	0	0	0	0	0	0
 	0	0	0	0	0	0	0	0	0	0	0	0	0	0	0	0
 	0	0	0	0	0	0	0	0	0	0	0	0	0	0	0	0


70 (p)	 	 	 	 	 	 	 	 	 	 	 	 	 	 	 	 
 	0	0	0	0	0	0	0	0	0	0	0	0	0	0	0	0
 	0	0	0	0	0	0	0	0	0	0	0	0	0	0	0	0
 	0	0	0	0	0	0	0	0	0	0	0	0	0	0	0	0
 	1	1	0	1	1	1	1	0	0	0	0	0	0	0	0	0
 	1	1	1	1	1	1	1	1	0	0	0	0	0	0	0	0
 	1	1	1	0	0	0	1	1	1	0	0	0	0	0	0	0
 	1	1	0	0	0	0	0	1	1	0	0	0	0	0	0	0
 	1	1	0	0	0	0	0	1	1	0	0	0	0	0	0	0
 	1	1	0	0	0	0	0	1	1	0	0	0	0	0	0	0
 	1	1	0	0	0	0	0	1	1	0	0	0	0	0	0	0
 	1	1	1	0	0	0	1	1	1	0	0	0	0	0	0	0
 	1	1	1	1	1	1	1	1	0	0	0	0	0	0	0	0
 	1	1	0	1	1	1	1	0	0	0	0	0	0	0	0	0
 	1	1	0	0	0	0	0	0	0	0	0	0	0	0	0	0
 	1	1	0	0	0	0	0	0	0	0	0	0	0	0	0	0
 	1	1	0	0	0	0	0	0	0	0	0	0	0	0	0	0


71 (q)	 	 	 	 	 	 	 	 	 	 	 	 	 	 	 	 
 	0	0	0	0	0	0	0	0	0	0	0	0	0	0	0	0
 	0	0	0	0	0	0	0	0	0	0	0	0	0	0	0	0
 	0	0	0	0	0	0	0	0	0	0	0	0	0	0	0	0
 	0	0	1	1	1	1	0	1	1	0	0	0	0	0	0	0
 	0	1	1	1	1	1	1	1	1	0	0	0	0	0	0	0
 	1	1	1	0	0	0	1	1	1	0	0	0	0	0	0	0
 	1	1	0	0	0	0	0	1	1	0	0	0	0	0	0	0
 	1	1	0	0	0	0	0	1	1	0	0	0	0	0	0	0
 	1	1	0	0	0	0	0	1	1	0	0	0	0	0	0	0
 	1	1	0	0	0	0	0	1	1	0	0	0	0	0	0	0
 	1	1	1	0	0	0	1	1	1	0	0	0	0	0	0	0
 	0	1	1	1	1	1	1	1	1	0	0	0	0	0	0	0
 	0	0	1	1	1	1	0	1	1	0	0	0	0	0	0	0
 	0	0	0	0	0	0	0	1	1	0	0	0	0	0	0	0
 	0	0	0	0	0	0	0	1	1	0	0	0	0	0	0	0
 	0	0	0	0	0	0	0	1	1	0	0	0	0	0	0	0


72 (r)	 	 	 	 	 	 	 	 	 	 	 	 	 	 	 	 
 	0	0	0	0	0	0	0	0	0	0	0	0	0	0	0	0
 	0	0	0	0	0	0	0	0	0	0	0	0	0	0	0	0
 	0	0	0	0	0	0	0	0	0	0	0	0	0	0	0	0
 	1	1	0	1	1	0	0	0	0	0	0	0	0	0	0	0
 	1	1	1	1	1	0	0	0	0	0	0	0	0	0	0	0
 	1	1	1	0	0	0	0	0	0	0	0	0	0	0	0	0
 	1	1	0	0	0	0	0	0	0	0	0	0	0	0	0	0
 	1	1	0	0	0	0	0	0	0	0	0	0	0	0	0	0
 	1	1	0	0	0	0	0	0	0	0	0	0	0	0	0	0
 	1	1	0	0	0	0	0	0	0	0	0	0	0	0	0	0
 	1	1	0	0	0	0	0	0	0	0	0	0	0	0	0	0
 	1	1	0	0	0	0	0	0	0	0	0	0	0	0	0	0
 	1	1	0	0	0	0	0	0	0	0	0	0	0	0	0	0
 	0	0	0	0	0	0	0	0	0	0	0	0	0	0	0	0
 	0	0	0	0	0	0	0	0	0	0	0	0	0	0	0	0
 	0	0	0	0	0	0	0	0	0	0	0	0	0	0	0	0


73 (s)	 	 	 	 	 	 	 	 	 	 	 	 	 	 	 	 
 	0	0	0	0	0	0	0	0	0	0	0	0	0	0	0	0
 	0	0	0	0	0	0	0	0	0	0	0	0	0	0	0	0
 	0	0	0	0	0	0	0	0	0	0	0	0	0	0	0	0
 	0	1	1	1	1	1	1	0	0	0	0	0	0	0	0	0
 	1	1	1	1	1	1	1	1	0	0	0	0	0	0	0	0
 	1	1	0	0	0	0	1	1	0	0	0	0	0	0	0	0
 	1	1	0	0	0	0	0	0	0	0	0	0	0	0	0	0
 	1	1	1	1	1	1	1	0	0	0	0	0	0	0	0	0
 	0	1	1	1	1	1	1	1	0	0	0	0	0	0	0	0
 	0	0	0	0	0	0	1	1	0	0	0	0	0	0	0	0
 	1	1	0	0	0	0	1	1	0	0	0	0	0	0	0	0
 	1	1	1	1	1	1	1	1	0	0	0	0	0	0	0	0
 	0	1	1	1	1	1	1	0	0	0	0	0	0	0	0	0
 	0	0	0	0	0	0	0	0	0	0	0	0	0	0	0	0
 	0	0	0	0	0	0	0	0	0	0	0	0	0	0	0	0
 	0	0	0	0	0	0	0	0	0	0	0	0	0	0	0	0


74 (t)	 	 	 	 	 	 	 	 	 	 	 	 	 	 	 	 
 	0	0	1	1	0	0	0	0	0	0	0	0	0	0	0	0
 	0	0	1	1	0	0	0	0	0	0	0	0	0	0	0	0
 	0	0	1	1	0	0	0	0	0	0	0	0	0	0	0	0
 	1	1	1	1	1	1	0	0	0	0	0	0	0	0	0	0
 	1	1	1	1	1	1	0	0	0	0	0	0	0	0	0	0
 	0	0	1	1	0	0	0	0	0	0	0	0	0	0	0	0
 	0	0	1	1	0	0	0	0	0	0	0	0	0	0	0	0
 	0	0	1	1	0	0	0	0	0	0	0	0	0	0	0	0
 	0	0	1	1	0	0	0	0	0	0	0	0	0	0	0	0
 	0	0	1	1	0	0	0	0	0	0	0	0	0	0	0	0
 	0	0	1	1	0	0	0	0	0	0	0	0	0	0	0	0
 	0	0	1	1	1	1	0	0	0	0	0	0	0	0	0	0
 	0	0	0	1	1	1	0	0	0	0	0	0	0	0	0	0
 	0	0	0	0	0	0	0	0	0	0	0	0	0	0	0	0
 	0	0	0	0	0	0	0	0	0	0	0	0	0	0	0	0
 	0	0	0	0	0	0	0	0	0	0	0	0	0	0	0	0


75 (u)	 	 	 	 	 	 	 	 	 	 	 	 	 	 	 	 
 	0	0	0	0	0	0	0	0	0	0	0	0	0	0	0	0
 	0	0	0	0	0	0	0	0	0	0	0	0	0	0	0	0
 	0	0	0	0	0	0	0	0	0	0	0	0	0	0	0	0
 	1	1	0	0	0	0	1	1	0	0	0	0	0	0	0	0
 	1	1	0	0	0	0	1	1	0	0	0	0	0	0	0	0
 	1	1	0	0	0	0	1	1	0	0	0	0	0	0	0	0
 	1	1	0	0	0	0	1	1	0	0	0	0	0	0	0	0
 	1	1	0	0	0	0	1	1	0	0	0	0	0	0	0	0
 	1	1	0	0	0	0	1	1	0	0	0	0	0	0	0	0
 	1	1	0	0	0	0	1	1	0	0	0	0	0	0	0	0
 	1	1	0	0	0	1	1	1	0	0	0	0	0	0	0	0
 	1	1	1	1	1	1	1	1	0	0	0	0	0	0	0	0
 	0	1	1	1	1	0	1	1	0	0	0	0	0	0	0	0
 	0	0	0	0	0	0	0	0	0	0	0	0	0	0	0	0
 	0	0	0	0	0	0	0	0	0	0	0	0	0	0	0	0
 	0	0	0	0	0	0	0	0	0	0	0	0	0	0	0	0


76 (v)	 	 	 	 	 	 	 	 	 	 	 	 	 	 	 	 
 	0	0	0	0	0	0	0	0	0	0	0	0	0	0	0	0
 	0	0	0	0	0	0	0	0	0	0	0	0	0	0	0	0
 	0	0	0	0	0	0	0	0	0	0	0	0	0	0	0	0
 	1	1	0	0	0	0	0	1	1	0	0	0	0	0	0	0
 	1	1	1	0	0	0	0	1	1	0	0	0	0	0	0	0
 	0	1	1	0	0	0	1	1	0	0	0	0	0	0	0	0
 	0	1	1	0	0	0	1	1	0	0	0	0	0	0	0	0
 	0	1	1	0	0	0	1	1	0	0	0	0	0	0	0	0
 	0	0	1	1	0	1	1	0	0	0	0	0	0	0	0	0
 	0	0	1	1	0	1	1	0	0	0	0	0	0	0	0	0
 	0	0	1	1	0	1	1	0	0	0	0	0	0	0	0	0
 	0	0	0	1	1	1	0	0	0	0	0	0	0	0	0	0
 	0	0	0	1	1	1	0	0	0	0	0	0	0	0	0	0
 	0	0	0	0	0	0	0	0	0	0	0	0	0	0	0	0
 	0	0	0	0	0	0	0	0	0	0	0	0	0	0	0	0
 	0	0	0	0	0	0	0	0	0	0	0	0	0	0	0	0


77 (w)	 	 	 	 	 	 	 	 	 	 	 	 	 	 	 	 
 	0	0	0	0	0	0	0	0	0	0	0	0	0	0	0	0
 	0	0	0	0	0	0	0	0	0	0	0	0	0	0	0	0
 	0	0	0	0	0	0	0	0	0	0	0	0	0	0	0	0
 	1	1	0	0	0	0	0	1	0	0	0	0	0	1	1	0
 	1	1	0	0	0	0	0	1	0	0	0	0	0	1	1	0
 	0	1	1	0	0	0	1	1	1	0	0	0	1	1	0	0
 	0	1	1	0	0	0	1	1	1	0	0	0	1	1	0	0
 	0	1	1	0	0	0	1	1	1	0	0	0	1	1	0	0
 	0	0	1	1	0	1	1	0	1	1	0	1	1	0	0	0
 	0	0	1	1	0	1	1	0	1	1	0	1	1	0	0	0
 	0	0	1	1	0	1	1	0	1	1	0	1	1	0	0	0
 	0	0	0	1	1	1	0	0	0	1	1	1	0	0	0	0
 	0	0	0	1	1	1	0	0	0	1	1	1	0	0	0	0
 	0	0	0	0	0	0	0	0	0	0	0	0	0	0	0	0
 	0	0	0	0	0	0	0	0	0	0	0	0	0	0	0	0
 	0	0	0	0	0	0	0	0	0	0	0	0	0	0	0	0


78 (x)	 	 	 	 	 	 	 	 	 	 	 	 	 	 	 	 
 	0	0	0	0	0	0	0	0	0	0	0	0	0	0	0	0
 	0	0	0	0	0	0	0	0	0	0	0	0	0	0	0	0
 	0	0	0	0	0	0	0	0	0	0	0	0	0	0	0	0
 	1	1	0	0	0	1	1	0	0	0	0	0	0	0	0	0
 	1	1	0	0	0	1	1	0	0	0	0	0	0	0	0	0
 	0	1	1	0	1	1	0	0	0	0	0	0	0	0	0	0
 	0	1	1	0	1	1	0	0	0	0	0	0	0	0	0	0
 	0	0	1	1	1	0	0	0	0	0	0	0	0	0	0	0
 	0	0	1	1	1	0	0	0	0	0	0	0	0	0	0	0
 	0	1	1	0	1	1	0	0	0	0	0	0	0	0	0	0
 	0	1	1	0	1	1	0	0	0	0	0	0	0	0	0	0
 	1	1	0	0	0	1	1	0	0	0	0	0	0	0	0	0
 	1	1	0	0	0	1	1	0	0	0	0	0	0	0	0	0
 	0	0	0	0	0	0	0	0	0	0	0	0	0	0	0	0
 	0	0	0	0	0	0	0	0	0	0	0	0	0	0	0	0
 	0	0	0	0	0	0	0	0	0	0	0	0	0	0	0	0


79 (y)	 	 	 	 	 	 	 	 	 	 	 	 	 	 	 	 
 	0	0	0	0	0	0	0	0	0	0	0	0	0	0	0	0
 	0	0	0	0	0	0	0	0	0	0	0	0	0	0	0	0
 	0	0	0	0	0	0	0	0	0	0	0	0	0	0	0	0
 	1	1	0	0	0	0	0	0	0	1	1	0	0	0	0	0
 	1	1	0	0	0	0	0	0	0	1	1	0	0	0	0	0
 	0	1	1	0	0	0	0	0	1	1	0	0	0	0	0	0
 	0	1	1	0	0	0	0	0	1	1	0	0	0	0	0	0
 	0	0	1	1	0	0	0	1	1	0	0	0	0	0	0	0
 	0	0	1	1	0	0	0	1	1	0	0	0	0	0	0	0
 	0	0	0	1	1	0	1	1	0	0	0	0	0	0	0	0
 	0	0	0	1	1	0	1	1	0	0	0	0	0	0	0	0
 	0	0	0	0	1	1	1	0	0	0	0	0	0	0	0	0
 	0	0	0	0	1	1	1	0	0	0	0	0	0	0	0	0
 	0	0	0	0	1	1	0	0	0	0	0	0	0	0	0	0
 	0	1	1	1	1	1	0	0	0	0	0	0	0	0	0	0
 	0	1	1	1	1	0	0	0	0	0	0	0	0	0	0	0


7A (z)	 	 	 	 	 	 	 	 	 	 	 	 	 	 	 	 
 	0	0	0	0	0	0	0	0	0	0	0	0	0	0	0	0
 	0	0	0	0	0	0	0	0	0	0	0	0	0	0	0	0
 	0	0	0	0	0	0	0	0	0	0	0	0	0	0	0	0
 	1	1	1	1	1	1	1	1	0	0	0	0	0	0	0	0
 	1	1	1	1	1	1	1	1	0	0	0	0	0	0	0	0
 	0	0	0	0	0	0	1	1	0	0	0	0	0	0	0	0
 	0	0	0	0	0	1	1	0	0	0	0	0	0	0	0	0
 	0	0	0	0	1	1	0	0	0	0	0	0	0	0	0	0
 	0	0	0	1	1	0	0	0	0	0	0	0	0	0	0	0
 	0	0	1	1	0	0	0	0	0	0	0	0	0	0	0	0
 	0	1	1	0	0	0	0	0	0	0	0	0	0	0	0	0
 	1	1	1	1	1	1	1	1	0	0	0	0	0	0	0	0
 	1	1	1	1	1	1	1	1	0	0	0	0	0	0	0	0
 	0	0	0	0	0	0	0	0	0	0	0	0	0	0	0	0
 	0	0	0	0	0	0	0	0	0	0	0	0	0	0	0	0
 	0	0	0	0	0	0	0	0	0	0	0	0	0	0	0	0


7B ({)	 	 	 	 	 	 	 	 	 	 	 	 	 	 	 	 
 	0	0	0	0	1	1	0	0	0	0	0	0	0	0	0	0
 	0	0	0	1	1	0	0	0	0	0	0	0	0	0	0	0
 	0	0	1	1	0	0	0	0	0	0	0	0	0	0	0	0
 	0	0	1	1	0	0	0	0	0	0	0	0	0	0	0	0
 	0	0	1	1	0	0	0	0	0	0	0	0	0	0	0	0
 	0	1	1	0	0	0	0	0	0	0	0	0	0	0	0	0
 	1	1	0	0	0	0	0	0	0	0	0	0	0	0	0	0
 	0	1	1	0	0	0	0	0	0	0	0	0	0	0	0	0
 	0	0	1	1	0	0	0	0	0	0	0	0	0	0	0	0
 	0	0	1	1	0	0	0	0	0	0	0	0	0	0	0	0
 	0	0	1	1	0	0	0	0	0	0	0	0	0	0	0	0
 	0	0	0	1	1	0	0	0	0	0	0	0	0	0	0	0
 	0	0	0	0	1	1	0	0	0	0	0	0	0	0	0	0
 	0	0	0	0	0	0	0	0	0	0	0	0	0	0	0	0
 	0	0	0	0	0	0	0	0	0	0	0	0	0	0	0	0
 	0	0	0	0	0	0	0	0	0	0	0	0	0	0	0	0


7C (|) used for left marker, replaced by 10	 	 	 	 	 	 	 	 	 	 	 	 	 	 	 	 
 	1	1	0	0	0	0	0	0	0	0	0	0	0	0	0	0
 	1	1	0	0	0	0	0	0	0	0	0	0	0	0	0	0
 	1	1	0	0	0	0	0	0	0	0	0	0	0	0	0	0
 	1	1	0	0	0	0	0	0	0	0	0	0	0	0	0	0
 	1	1	0	0	0	0	0	0	0	0	0	0	0	0	0	0
 	1	1	0	0	0	0	0	0	0	0	0	0	0	0	0	0
 	0	0	0	0	0	0	0	0	0	0	0	0	0	0	0	0
 	1	1	0	0	0	0	0	0	0	0	0	0	0	0	0	0
 	1	1	0	0	0	0	0	0	0	0	0	0	0	0	0	0
 	1	1	0	0	0	0	0	0	0	0	0	0	0	0	0	0
 	1	1	0	0	0	0	0	0	0	0	0	0	0	0	0	0
 	1	1	0	0	0	0	0	0	0	0	0	0	0	0	0	0
 	1	1	0	0	0	0	0	0	0	0	0	0	0	0	0	0
 	0	0	0	0	0	0	0	0	0	0	0	0	0	0	0	0
 	0	0	0	0	0	0	0	0	0	0	0	0	0	0	0	0
 	0	0	0	0	0	0	0	0	0	0	0	0	0	0	0	0


7D (})	 	 	 	 	 	 	 	 	 	 	 	 	 	 	 	 
 	1	1	0	0	0	0	0	0	0	0	0	0	0	0	0	0
 	0	1	1	0	0	0	0	0	0	0	0	0	0	0	0	0
 	0	0	1	1	0	0	0	0	0	0	0	0	0	0	0	0
 	0	0	1	1	0	0	0	0	0	0	0	0	0	0	0	0
 	0	0	1	1	0	0	0	0	0	0	0	0	0	0	0	0
 	0	0	0	1	1	0	0	0	0	0	0	0	0	0	0	0
 	0	0	0	0	1	1	0	0	0	0	0	0	0	0	0	0
 	0	0	0	1	1	0	0	0	0	0	0	0	0	0	0	0
 	0	0	1	1	0	0	0	0	0	0	0	0	0	0	0	0
 	0	0	1	1	0	0	0	0	0	0	0	0	0	0	0	0
 	0	0	1	1	0	0	0	0	0	0	0	0	0	0	0	0
 	0	1	1	0	0	0	0	0	0	0	0	0	0	0	0	0
 	1	1	0	0	0	0	0	0	0	0	0	0	0	0	0	0
 	0	0	0	0	0	0	0	0	0	0	0	0	0	0	0	0
 	0	0	0	0	0	0	0	0	0	0	0	0	0	0	0	0
 	0	0	0	0	0	0	0	0	0	0	0	0	0	0	0	0


7E (~) Plane symbol	 	 	 	 	 	 	 	 	 	 	 	 	 	 	 	 
 	0	0	0	0	0	0	0	0	0	0	0	0	0	0	0	0
 	0	1	1	0	0	0	0	0	0	0	0	0	0	0	0	0
 	0	1	1	1	0	0	0	0	0	0	0	0	1	1	1	0
 	0	0	1	1	1	0	0	0	0	1	1	1	1	1	0	0
 	0	0	0	1	1	1	1	1	1	1	1	1	1	0	0	0
 	0	0	0	0	1	1	1	1	1	1	1	0	0	0	0	0
 	0	0	0	0	1	1	1	1	1	1	1	0	0	0	0	0
 	0	0	0	0	1	1	1	1	1	0	0	0	0	0	0	0
 	0	0	0	0	1	1	1	1	1	0	0	0	0	0	0	0
 	0	0	0	1	1	1	0	0	1	1	1	0	0	0	1	1
 	0	0	0	1	1	1	0	0	0	1	1	1	1	1	1	0
 	0	0	0	1	1	0	0	0	0	0	1	1	1	0	0	0
 	0	0	1	1	1	0	0	0	0	0	1	1	1	1	0	0
 	0	0	1	1	0	0	0	0	0	0	1	0	1	1	0	0
 	0	0	1	0	0	0	0	0	0	1	1	0	0	0	0	0
 	0	0	0	0	0	0	0	0	0	1	0	0	0	0	0	0


7F ( )	 	 	 	 	 	 	 	 	 	 	 	 	 	 	 	 
 	0	0	0	0	0	0	0	0	0	0	0	0	0	0	0	0
 	0	0	0	0	0	0	0	0	0	0	0	0	0	0	0	0
 	0	0	0	0	0	0	0	0	0	0	0	0	0	0	0	0
 	0	0	0	0	0	0	0	0	0	0	0	0	0	0	0	0
 	0	0	0	0	0	0	0	0	0	0	0	0	0	0	0	0
 	0	0	0	0	0	0	0	0	0	0	0	0	0	0	0	0
 	0	0	0	0	0	0	0	0	0	0	0	0	0	0	0	0
 	0	0	0	0	0	0	0	0	0	0	0	0	0	0	0	0
 	0	0	0	0	0	0	0	0	0	0	0	0	0	0	0	0
 	0	0	0	0	0	0	0	0	0	0	0	0	0	0	0	0
 	0	0	0	0	0	0	0	0	0	0	0	0	0	0	0	0
 	0	0	0	0	0	0	0	0	0	0	0	0	0	0	0	0
 	0	0	0	0	0	0	0	0	0	0	0	0	0	0	0	0
 	0	0	0	0	0	0	0	0	0	0	0	0	0	0	0	0
 	0	0	0	0	0	0	0	0	0	0	0	0	0	0	0	0
 	0	0	0	0	0	0	0	0	0	0	0	0	0	0	0	0


