ASCII 65


 0 0 0 1 1 0 0 0
 0 0 1 1 1 1 0 0
 0 0 1 1 1 1 0 0
 0 1 1 0 0 1 1 0
 0 1 1 0 0 1 1 0
 1 1 0 0 0 0 1 1
 1 1 0 0 0 0 1 1
 1 1 1 1 1 1 1 1
 1 1 1 1 1 1 1 1
 1 1 0 0 0 0 1 1
 1 1 0 0 0 0 1 1
 1 1 0 0 0 0 1 1
 1 1 0 0 0 0 1 1
 0 0 0 0 0 0 0 0
 0 0 0 0 0 0 0 0
 0 0 0 0 0 0 0 0


 1 1 1 1 1 1 1 1 0 0
 1 1 1 1 1 1 1 1 1 0
 1 1 0 0 0 0 0 1 1 0
 1 1 0 0 0 0 0 1 1 0
 1 1 0 0 0 0 0 1 1 0
 1 1 1 1 1 1 1 1 0 0
 1 1 1 1 1 1 1 1 1 0
 1 1 0 0 0 0 0 1 1 1
 1 1 0 0 0 0 0 0 1 1
 1 1 0 0 0 0 0 0 1 1
 1 1 0 0 0 0 0 1 1 1
 1 1 1 1 1 1 1 1 1 0
 1 1 1 1 1 1 1 1 0 0
 0 0 0 0 0 0 0 0 0 0
 0 0 0 0 0 0 0 0 0 0
 0 0 0 0 0 0 0 0 0 0


 0 0 0 1 1 1 1 1 0 0
 0 0 1 1 1 1 1 1 1 0
 0 1 1 1 0 0 0 1 1 1
 0 1 1 0 0 0 0 0 1 1
 1 1 0 0 0 0 0 0 0 0
 1 1 0 0 0 0 0 0 0 0
 1 1 0 0 0 0 0 0 0 0
 1 1 0 0 0 0 0 0 0 0
 1 1 0 0 0 0 0 0 0 0
 0 1 1 0 0 0 0 0 1 1
 0 1 1 1 0 0 0 1 1 1
 0 0 1 1 1 1 1 1 1 0
 0 0 0 1 1 1 1 1 0 0
 0 0 0 0 0 0 0 0 0 0
 0 0 0 0 0 0 0 0 0 0
 0 0 0 0 0 0 0 0 0 0


 1 1 1 1 1 1 1 1 0 0 0
 1 1 1 1 1 1 1 1 1 0 0
 1 1 0 0 0 0 0 1 1 1 0
 1 1 0 0 0 0 0 0 1 1 1
 1 1 0 0 0 0 0 0 0 1 1
 1 1 0 0 0 0 0 0 0 1 1
 1 1 0 0 0 0 0 0 0 1 1
 1 1 0 0 0 0 0 0 0 1 1
 1 1 0 0 0 0 0 0 0 1 1
 1 1 0 0 0 0 0 0 1 1 1
 1 1 0 0 0 0 0 1 1 1 0
 1 1 1 1 1 1 1 1 1 0 0
 1 1 1 1 1 1 1 1 0 0 0
 0 0 0 0 0 0 0 0 0 0 0
 0 0 0 0 0 0 0 0 0 0 0
 0 0 0 0 0 0 0 0 0 0 0


 1 1 1 1 1 1 1
 1 1 1 1 1 1 1
 1 1 0 0 0 0 0
 1 1 0 0 0 0 0
 1 1 0 0 0 0 0
 1 1 1 1 1 1 1
 1 1 1 1 1 1 1
 1 1 0 0 0 0 0
 1 1 0 0 0 0 0
 1 1 0 0 0 0 0
 1 1 0 0 0 0 0
 1 1 1 1 1 1 1
 1 1 1 1 1 1 1
 0 0 0 0 0 0 0
 0 0 0 0 0 0 0
 0 0 0 0 0 0 0


 1 1 1 1 1 1 1
 1 1 1 1 1 1 1
 1 1 0 0 0 0 0
 1 1 0 0 0 0 0
 1 1 0 0 0 0 0
 1 1 1 1 1 1 0
 1 1 1 1 1 1 0
 1 1 0 0 0 0 0
 1 1 0 0 0 0 0
 1 1 0 0 0 0 0
 1 1 0 0 0 0 0
 1 1 0 0 0 0 0
 1 1 0 0 0 0 0
 0 0 0 0 0 0 0
 0 0 0 0 0 0 0
 0 0 0 0 0 0 0


 0 0 0 1 1 1 1 1 0 0 0
 0 0 1 1 1 1 1 1 1 0 0
 0 1 1 1 0 0 0 1 1 1 0
 0 1 1 0 0 0 0 0 1 1 0
 1 1 0 0 0 0 0 0 0 0 0
 1 1 0 0 0 0 0 0 0 0 0
 1 1 0 0 0 0 0 1 1 1 1
 1 1 0 0 0 0 0 1 1 1 1
 1 1 0 0 0 0 0 0 1 1 0
 0 1 1 0 0 0 0 0 1 1 0
 0 1 1 1 0 0 0 1 1 1 0
 0 0 1 1 1 1 1 1 1 0 0
 0 0 0 1 1 1 1 1 0 0 0
 0 0 0 0 0 0 0 0 0 0 0
 0 0 0 0 0 0 0 0 0 0 0
 0 0 0 0 0 0 0 0 0 0 0


 1 1 0 0 0 1 1
 1 1 0 0 0 1 1
 1 1 0 0 0 1 1
 1 1 0 0 0 1 1
 1 1 0 0 0 1 1
 1 1 1 1 1 1 1
 1 1 1 1 1 1 1
 1 1 0 0 0 1 1
 1 1 0 0 0 1 1
 1 1 0 0 0 1 1
 1 1 0 0 0 1 1
 1 1 0 0 0 1 1
 1 1 0 0 0 1 1
 0 0 0 0 0 0 0
 0 0 0 0 0 0 0
 0 0 0 0 0 0 0


 1 1
 1 1
 1 1
 1 1
 1 1
 1 1
 1 1
 1 1
 1 1
 1 1
 1 1
 1 1
 1 1
 0 0
 0 0
 0 0


 0 0 0 0 0 1 1
 0 0 0 0 0 1 1
 0 0 0 0 0 1 1
 0 0 0 0 0 1 1
 0 0 0 0 0 1 1
 0 0 0 0 0 1 1
 0 0 0 0 0 1 1
 0 0 0 0 0 1 1
 0 0 0 0 0 1 1
 1 0 0 0 0 1 1
 1 1 0 0 1 1 1
 0 1 1 1 1 1 0
 0 0 1 1 1 0 0
 0 0 0 0 0 0 0
 0 0 0 0 0 0 0
 0 0 0 0 0 0 0


 1 1 0 0 0 0 1 1 1
 1 1 0 0 0 1 1 1 0
 1 1 0 0 1 1 1 0 0
 1 1 0 1 1 1 0 0 0
 1 1 1 1 1 0 0 0 0
 1 1 1 1 0 0 0 0 0
 1 1 1 0 0 0 0 0 0
 1 1 1 1 0 0 0 0 0
 1 1 1 1 1 0 0 0 0
 1 1 0 1 1 1 0 0 0
 1 1 0 0 1 1 1 0 0
 1 1 0 0 0 1 1 1 0
 1 1 0 0 0 0 1 1 1
 0 0 0 0 0 0 0 0 0
 0 0 0 0 0 0 0 0 0
 0 0 0 0 0 0 0 0 0


 1 1 0 0 0 0 0
 1 1 0 0 0 0 0
 1 1 0 0 0 0 0
 1 1 0 0 0 0 0
 1 1 0 0 0 0 0
 1 1 0 0 0 0 0
 1 1 0 0 0 0 0
 1 1 0 0 0 0 0
 1 1 0 0 0 0 0
 1 1 0 0 0 0 0
 1 1 0 0 0 0 0
 1 1 1 1 1 1 1
 1 1 1 1 1 1 1
 0 0 0 0 0 0 0
 0 0 0 0 0 0 0
 0 0 0 0 0 0 0


 1 1 0 0 0 0 0 0 0 1 1
 1 1 1 0 0 0 0 0 1 1 1
 1 1 1 1 0 0 0 1 1 1 1
 1 1 1 1 0 0 0 1 1 1 1
 1 1 0 1 1 0 1 1 0 1 1
 1 1 0 1 1 1 1 1 0 1 1
 1 1 0 0 1 1 1 0 0 1 1
 1 1 0 0 1 1 1 0 0 1 1
 1 1 0 0 0 1 0 0 0 1 1
 1 1 0 0 0 0 0 0 0 1 1
 1 1 0 0 0 0 0 0 0 1 1
 1 1 0 0 0 0 0 0 0 1 1
 1 1 0 0 0 0 0 0 0 1 1
 0 0 0 0 0 0 0 0 0 0 0
 0 0 0 0 0 0 0 0 0 0 0
 0 0 0 0 0 0 0 0 0 0 0


 1 1 0 0 0 0 0 1 1
 1 1 1 0 0 0 0 1 1
 1 1 1 1 0 0 0 1 1
 1 1 1 1 0 0 0 1 1
 1 1 1 1 1 0 0 1 1
 1 1 0 1 1 0 0 1 1
 1 1 0 0 1 1 0 1 1
 1 1 0 0 1 1 0 1 1
 1 1 0 0 0 1 1 1 1
 1 1 0 0 0 1 1 1 1
 1 1 0 0 0 0 1 1 1
 1 1 0 0 0 0 1 1 1
 1 1 0 0 0 0 0 1 1
 0 0 0 0 0 0 0 0 0
 0 0 0 0 0 0 0 0 0
 0 0 0 0 0 0 0 0 0


 0 0 0 1 1 1 1 1 0 0 0
 0 0 1 1 1 1 1 1 1 0 0
 0 1 1 1 0 0 0 1 1 1 0
 0 1 1 0 0 0 0 0 1 1 0
 1 1 0 0 0 0 0 0 0 1 1
 1 1 0 0 0 0 0 0 0 1 1
 1 1 0 0 0 0 0 0 0 1 1
 1 1 0 0 0 0 0 0 0 1 1
 1 1 0 0 0 0 0 0 0 1 1
 0 1 1 0 0 0 0 0 1 1 0
 0 1 1 1 0 0 0 1 1 1 0
 0 0 1 1 1 1 1 1 1 0 0
 0 0 0 1 1 1 1 1 0 0 0
 0 0 0 0 0 0 0 0 0 0 0
 0 0 0 0 0 0 0 0 0 0 0
 0 0 0 0 0 0 0 0 0 0 0


 1 1 1 1 1 1 1 1 0
 1 1 1 1 1 1 1 1 1
 1 1 0 0 0 0 0 1 1
 1 1 0 0 0 0 0 1 1
 1 1 0 0 0 0 0 1 1
 1 1 1 1 1 1 1 1 1
 1 1 1 1 1 1 1 1 0
 1 1 0 0 0 0 0 0 0
 1 1 0 0 0 0 0 0 0
 1 1 0 0 0 0 0 0 0
 1 1 0 0 0 0 0 0 0
 1 1 0 0 0 0 0 0 0
 1 1 0 0 0 0 0 0 0
 0 0 0 0 0 0 0 0 0
 0 0 0 0 0 0 0 0 0
 0 0 0 0 0 0 0 0 0


 0 0 0 1 1 1 1 1 0 0 0
 0 0 1 1 1 1 1 1 1 0 0
 0 1 1 1 0 0 0 1 1 1 0
 0 1 1 0 0 0 0 0 1 1 0
 1 1 0 0 0 0 0 0 0 1 1
 1 1 0 0 0 0 0 0 0 1 1
 1 1 0 0 0 0 0 0 0 1 1
 1 1 0 0 0 0 0 0 0 1 1
 1 1 0 0 0 0 1 1 0 1 1
 0 1 1 0 0 0 1 1 1 1 0
 0 1 1 1 0 0 0 1 1 1 0
 0 0 1 1 1 1 1 1 1 1 1
 0 0 0 1 1 1 1 1 0 1 1
 0 0 0 0 0 0 0 0 0 0 0
 0 0 0 0 0 0 0 0 0 0 0
 0 0 0 0 0 0 0 0 0 0 0


 1 1 1 1 1 1 1 1 0
 1 1 1 1 1 1 1 1 1
 1 1 0 0 0 0 0 1 1
 1 1 0 0 0 0 0 1 1
 1 1 0 0 0 0 0 1 1
 1 1 1 1 1 1 1 1 1
 1 1 1 1 1 1 1 1 0
 1 1 1 1 0 0 0 0 0
 1 1 1 1 1 0 0 0 0
 1 1 0 1 1 1 0 0 0
 1 1 0 0 1 1 1 0 0
 1 1 0 0 0 1 1 1 0
 1 1 0 0 0 0 1 1 1
 0 0 0 0 0 0 0 0 0
 0 0 0 0 0 0 0 0 0
 0 0 0 0 0 0 0 0 0


 0 0 1 1 1 1 1 1 0 0
 0 1 1 1 1 1 1 1 1 0
 1 1 1 0 0 0 0 1 1 0
 1 1 0 0 0 0 0 0 1 1
 1 1 0 0 0 0 0 0 0 0
 1 1 1 1 1 1 1 0 0 0
 0 1 1 1 1 1 1 1 1 0
 0 0 0 0 0 0 0 1 1 1
 0 0 0 0 0 0 0 0 1 1
 1 1 0 0 0 0 0 0 1 1
 1 1 1 0 0 0 0 1 1 1
 0 1 1 1 1 1 1 1 1 0
 0 0 1 1 1 1 1 1 0 0
 0 0 0 0 0 0 0 0 0 0
 0 0 0 0 0 0 0 0 0 0
 0 0 0 0 0 0 0 0 0 0


 1 1 1 1 1 1 1 1
 1 1 1 1 1 1 1 1
 0 0 0 1 1 0 0 0
 0 0 0 1 1 0 0 0
 0 0 0 1 1 0 0 0
 0 0 0 1 1 0 0 0
 0 0 0 1 1 0 0 0
 0 0 0 1 1 0 0 0
 0 0 0 1 1 0 0 0
 0 0 0 1 1 0 0 0
 0 0 0 1 1 0 0 0
 0 0 0 1 1 0 0 0
 0 0 0 1 1 0 0 0
 0 0 0 0 0 0 0 0
 0 0 0 0 0 0 0 0
 0 0 0 0 0 0 0 0


 1 1 0 0 0 0 1 1
 1 1 0 0 0 0 1 1
 1 1 0 0 0 0 1 1
 1 1 0 0 0 0 1 1
 1 1 0 0 0 0 1 1
 1 1 0 0 0 0 1 1
 1 1 0 0 0 0 1 1
 1 1 0 0 0 0 1 1
 1 1 0 0 0 0 1 1
 1 1 0 0 0 0 1 1
 1 1 1 0 0 1 1 1
 0 1 1 1 1 1 1 0
 0 0 1 1 1 1 0 0
 0 0 0 0 0 0 0 0
 0 0 0 0 0 0 0 0
 0 0 0 0 0 0 0 0


 1 1 0 0 0 0 1 1
 1 1 0 0 0 0 1 1
 1 1 0 0 0 0 1 1
 1 1 0 0 0 0 1 1
 1 1 0 0 0 0 1 1
 1 1 0 0 0 0 1 1
 1 1 0 0 0 0 1 1
 1 1 0 0 0 0 1 1
 0 1 1 0 0 1 1 0
 0 1 1 0 0 1 1 0
 0 0 1 1 1 1 0 0
 0 0 1 1 1 1 0 0
 0 0 0 1 1 0 0 0
 0 0 0 0 0 0 0 0
 0 0 0 0 0 0 0 0
 0 0 0 0 0 0 0 0


 1 1 0 0 0 1 1 0 0 0 1 1
 1 1 0 0 0 1 1 0 0 0 1 1
 1 1 0 0 0 1 1 0 0 0 1 1
 1 1 0 0 0 1 1 0 0 0 1 1
 1 1 0 0 0 1 1 0 0 0 1 1
 1 1 0 0 0 1 1 0 0 0 1 1
 1 1 0 0 0 1 1 0 0 0 1 1
 1 1 0 0 0 1 1 0 0 0 1 1
 1 1 1 0 1 1 1 1 0 1 1 1
 0 1 1 0 1 1 1 1 0 1 1 0
 0 1 1 1 1 0 0 1 1 1 1 0
 0 0 1 1 1 0 0 1 1 1 0 0
 0 0 1 1 0 0 0 0 1 1 0 0
 0 0 0 0 0 0 0 0 0 0 0 0
 0 0 0 0 0 0 0 0 0 0 0 0
 0 0 0 0 0 0 0 0 0 0 0 0


 1 1 0 0 0 0 1 1
 1 1 0 0 0 0 1 1
 0 1 1 0 0 1 1 0
 0 1 1 0 0 1 1 0
 0 0 1 1 1 1 0 0
 0 0 1 1 1 1 0 0
 0 0 0 1 1 0 0 0
 0 0 1 1 1 1 0 0
 0 0 1 1 1 1 0 0
 0 1 1 0 0 1 1 0
 0 1 1 0 0 1 1 0
 1 1 0 0 0 0 1 1
 1 1 0 0 0 0 1 1
 0 0 0 0 0 0 0 0
 0 0 0 0 0 0 0 0
 0 0 0 0 0 0 0 0


 1 1 0 0 0 0 1 1
 1 1 0 0 0 0 1 1
 0 1 1 0 0 1 1 0
 0 1 1 0 0 1 1 0
 0 0 1 1 1 1 0 0
 0 0 1 1 1 1 0 0
 0 0 0 1 1 0 0 0
 0 0 0 1 1 0 0 0
 0 0 0 1 1 0 0 0
 0 0 0 1 1 0 0 0
 0 0 0 1 1 0 0 0
 0 0 0 1 1 0 0 0
 0 0 0 1 1 0 0 0
 0 0 0 0 0 0 0 0
 0 0 0 0 0 0 0 0
 0 0 0 0 0 0 0 0


 1 1 1 1 1 1 1 1 1
 1 1 1 1 1 1 1 1 1
 0 0 0 0 0 0 1 1 1
 0 0 0 0 0 0 1 1 1
 0 0 0 0 0 1 1 1 0
 0 0 0 0 1 1 1 0 0
 0 0 0 1 1 1 0 0 0
 0 0 1 1 1 0 0 0 0
 0 1 1 1 0 0 0 0 0
 1 1 1 0 0 0 0 0 0
 1 1 1 0 0 0 0 0 0
 1 1 1 1 1 1 1 1 1
 1 1 1 1 1 1 1 1 1
 0 0 0 0 0 0 0 0 0
 0 0 0 0 0 0 0 0 0
 0 0 0 0 0 0 0 0 0






ASCII 97



 0 0 0 0 0 0 0 0
 0 0 0 0 0 0 0 0
 0 0 0 0 0 0 0 0
 0 0 1 1 1 0 1 1
 0 1 1 1 1 1 1 1
 1 1 1 0 0 1 1 1
 1 1 0 0 0 0 1 1
 1 1 0 0 0 0 1 1
 1 1 0 0 0 0 1 1
 1 1 0 0 0 0 1 1
 1 1 1 0 0 1 1 1
 0 1 1 1 1 1 1 1
 0 0 1 1 1 0 1 1
 0 0 0 0 0 0 0 0
 0 0 0 0 0 0 0 0
 0 0 0 0 0 0 0 0


 1 1 0 0 0 0 0 0
 1 1 0 0 0 0 0 0
 1 1 0 0 0 0 0 0
 1 1 0 1 1 1 0 0
 1 1 1 1 1 1 1 0
 1 1 1 0 0 1 1 1
 1 1 0 0 0 0 1 1
 1 1 0 0 0 0 1 1
 1 1 0 0 0 0 1 1
 1 1 0 0 0 0 1 1
 1 1 1 0 0 1 1 1
 1 1 1 1 1 1 1 0
 1 1 0 1 1 1 0 0
 0 0 0 0 0 0 0 0
 0 0 0 0 0 0 0 0
 0 0 0 0 0 0 0 0


 0 0 0 0 0 0 0
 0 0 0 0 0 0 0
 0 0 0 0 0 0 0
 0 0 1 1 1 1 0
 0 1 1 1 1 1 1
 1 1 1 0 0 1 1
 1 1 0 0 0 0 0
 1 1 0 0 0 0 0
 1 1 0 0 0 0 0
 1 1 0 0 0 0 0
 1 1 1 0 0 1 1
 0 1 1 1 1 1 1
 0 0 1 1 1 1 0
 0 0 0 0 0 0 0
 0 0 0 0 0 0 0
 0 0 0 0 0 0 0


 0 0 0 0 0 0 1 1
 0 0 0 0 0 0 1 1
 0 0 0 0 0 0 1 1
 0 0 1 1 1 0 1 1
 0 1 1 1 1 1 1 1
 1 1 1 0 0 1 1 1
 1 1 0 0 0 0 1 1
 1 1 0 0 0 0 1 1
 1 1 0 0 0 0 1 1
 1 1 0 0 0 0 1 1
 1 1 1 0 0 1 1 1
 0 1 1 1 1 1 1 1
 0 0 1 1 1 0 1 1
 0 0 0 0 0 0 0 0
 0 0 0 0 0 0 0 0
 0 0 0 0 0 0 0 0


 0 0 0 0 0 0 0 0
 0 0 0 0 0 0 0 0
 0 0 0 0 0 0 0 0
 0 0 1 1 1 1 0 0
 0 1 1 1 1 1 1 0
 1 1 1 0 0 1 1 1
 1 1 0 0 0 0 1 1
 1 1 1 1 1 1 1 1
 1 1 1 1 1 1 1 1
 1 1 0 0 0 0 0 0
 1 1 1 0 0 1 1 1
 0 1 1 1 1 1 1 0
 0 0 1 1 1 1 0 0
 0 0 0 0 0 0 0 0
 0 0 0 0 0 0 0 0
 0 0 0 0 0 0 0 0


 0 0 1 1 1
 0 1 1 1 1
 0 1 1 0 0
 0 1 1 0 0
 1 1 1 1 1
 1 1 1 1 1
 0 1 1 0 0
 0 1 1 0 0
 0 1 1 0 0
 0 1 1 0 0
 0 1 1 0 0
 0 1 1 0 0
 0 1 1 0 0
 0 0 0 0 0
 0 0 0 0 0
 0 0 0 0 0


 0 0 0 0 0 0 0 0
 0 0 0 0 0 0 0 0
 0 0 0 0 0 0 0 0
 0 0 1 1 1 0 1 1
 0 1 1 1 1 1 1 1
 1 1 1 0 0 1 1 1
 1 1 0 0 0 0 1 1
 1 1 0 0 0 0 1 1
 1 1 0 0 0 0 1 1
 1 1 0 0 0 0 1 1
 1 1 1 0 0 1 1 1
 0 1 1 1 1 1 1 1
 0 0 1 1 1 0 1 1
 0 0 0 0 0 0 1 1
 0 1 1 1 1 1 1 0
 0 0 1 1 1 1 0 0


 1 1 0 0 0 0 0 0
 1 1 0 0 0 0 0 0
 1 1 0 0 0 0 0 0
 1 1 0 1 1 1 0 0
 1 1 1 1 1 1 1 0
 1 1 1 0 0 1 1 1
 1 1 0 0 0 0 1 1
 1 1 0 0 0 0 1 1
 1 1 0 0 0 0 1 1
 1 1 0 0 0 0 1 1
 1 1 0 0 0 0 1 1
 1 1 0 0 0 0 1 1
 1 1 0 0 0 0 1 1
 0 0 0 0 0 0 0 0
 0 0 0 0 0 0 0 0
 0 0 0 0 0 0 0 0


 1 1
 1 1
 0 0
 1 1
 1 1
 1 1
 1 1
 1 1
 1 1
 1 1
 1 1
 1 1
 1 1
 0 0
 0 0
 0 0


 0 0 1 1
 0 0 1 1
 0 0 0 0
 0 0 1 1
 0 0 1 1
 0 0 1 1
 0 0 1 1
 0 0 1 1
 0 0 1 1
 0 0 1 1
 0 0 1 1
 0 0 1 1
 0 0 1 1
 0 0 1 1
 1 1 1 1
 1 1 1 0


 1 1 0 0 0 0 0 0
 1 1 0 0 0 0 0 0
 1 1 0 0 0 0 0 0
 1 1 0 0 0 0 1 1
 1 1 0 0 0 1 1 0
 1 1 0 0 1 1 0 0
 1 1 0 1 1 0 0 0
 1 1 1 1 0 0 0 0
 1 1 1 1 0 0 0 0
 1 1 0 1 1 0 0 0
 1 1 0 0 1 1 0 0
 1 1 0 0 0 1 1 0
 1 1 0 0 0 0 1 1
 0 0 0 0 0 0 0 0
 0 0 0 0 0 0 0 0
 0 0 0 0 0 0 0 0


 1 1
 1 1
 1 1
 1 1
 1 1
 1 1
 1 1
 1 1
 1 1
 1 1
 1 1
 1 1
 1 1
 0 0
 0 0
 0 0


 0 0 0 0 0 0 0 0 0 0 0 0
 0 0 0 0 0 0 0 0 0 0 0 0
 0 0 0 0 0 0 0 0 0 0 0 0
 1 1 0 1 1 1 1 0 1 1 1 0
 1 1 1 1 1 1 1 1 1 1 1 1
 1 1 1 0 1 1 1 1 0 1 1 1
 1 1 0 0 0 1 1 0 0 0 1 1
 1 1 0 0 0 1 1 0 0 0 1 1
 1 1 0 0 0 1 1 0 0 0 1 1
 1 1 0 0 0 1 1 0 0 0 1 1
 1 1 0 0 0 1 1 0 0 0 1 1
 1 1 0 0 0 1 1 0 0 0 1 1
 1 1 0 0 0 1 1 0 0 0 1 1
 0 0 0 0 0 0 0 0 0 0 0 0
 0 0 0 0 0 0 0 0 0 0 0 0
 0 0 0 0 0 0 0 0 0 0 0 0


 0 0 0 0 0 0 0
 0 0 0 0 0 0 0
 0 0 0 0 0 0 0
 1 1 0 1 1 1 0
 1 1 1 1 1 1 1
 1 1 1 0 0 1 1
 1 1 0 0 0 1 1
 1 1 0 0 0 1 1
 1 1 0 0 0 1 1
 1 1 0 0 0 1 1
 1 1 0 0 0 1 1
 1 1 0 0 0 1 1
 1 1 0 0 0 1 1
 0 0 0 0 0 0 0
 0 0 0 0 0 0 0
 0 0 0 0 0 0 0


 0 0 0 0 0 0 0 0
 0 0 0 0 0 0 0 0
 0 0 0 0 0 0 0 0
 0 0 1 1 1 1 0 0
 0 1 1 1 1 1 1 0
 1 1 1 0 0 1 1 1
 1 1 0 0 0 0 1 1
 1 1 0 0 0 0 1 1
 1 1 0 0 0 0 1 1
 1 1 0 0 0 0 1 1
 1 1 1 0 0 1 1 1
 0 1 1 1 1 1 1 0
 0 0 1 1 1 1 0 0
 0 0 0 0 0 0 0 0
 0 0 0 0 0 0 0 0
 0 0 0 0 0 0 0 0


 0 0 0 0 0 0 0 0
 0 0 0 0 0 0 0 0
 0 0 0 0 0 0 0 0
 1 1 0 1 1 1 0 0
 1 1 1 1 1 1 1 0
 1 1 1 0 0 1 1 1
 1 1 0 0 0 0 1 1
 1 1 0 0 0 0 1 1
 1 1 0 0 0 0 1 1
 1 1 0 0 0 0 1 1
 1 1 1 0 0 1 1 1
 1 1 1 1 1 1 1 0
 1 1 0 1 1 1 0 0
 1 1 0 0 0 0 0 0
 1 1 0 0 0 0 0 0
 1 1 0 0 0 0 0 0


 0 0 0 0 0 0 0 0
 0 0 0 0 0 0 0 0
 0 0 0 0 0 0 0 0
 0 0 1 1 1 0 1 1
 0 1 1 1 1 1 1 1
 1 1 1 0 0 1 1 1
 1 1 0 0 0 0 1 1
 1 1 0 0 0 0 1 1
 1 1 0 0 0 0 1 1
 1 1 0 0 0 0 1 1
 1 1 1 0 0 1 1 1
 0 1 1 1 1 1 1 1
 0 0 1 1 1 0 1 1
 0 0 0 0 0 0 1 1
 0 0 0 0 0 0 1 1
 0 0 0 0 0 0 1 1


 0 0 0 0 0 0
 0 0 0 0 0 0
 0 0 0 0 0 0
 1 1 0 1 1 1
 1 1 1 1 1 1
 1 1 1 0 0 0
 1 1 0 0 0 0
 1 1 0 0 0 0
 1 1 0 0 0 0
 1 1 0 0 0 0
 1 1 0 0 0 0
 1 1 0 0 0 0
 1 1 0 0 0 0
 0 0 0 0 0 0
 0 0 0 0 0 0
 0 0 0 0 0 0


 0 0 0 0 0 0 0 0
 0 0 0 0 0 0 0 0
 0 0 0 0 0 0 0 0
 0 1 1 1 1 1 1 0
 1 1 1 1 1 1 1 1
 1 1 0 0 0 0 1 1
 1 1 0 0 0 0 0 0
 1 1 1 1 1 1 1 1
 1 1 1 1 1 1 1 1
 0 0 0 0 0 0 1 1
 1 1 0 0 0 0 1 1
 1 1 1 1 1 1 1 1
 0 1 1 1 1 1 1 0
 0 0 0 0 0 0 0 0
 0 0 0 0 0 0 0 0
 0 0 0 0 0 0 0 0


 0 1 1 0 0
 0 1 1 0 0
 0 1 1 0 0
 1 1 1 1 1
 1 1 1 1 1
 0 1 1 0 0
 0 1 1 0 0
 0 1 1 0 0
 0 1 1 0 0
 0 1 1 0 0
 0 1 1 0 0
 0 1 1 1 1
 0 0 1 1 1
 0 0 0 0 0
 0 0 0 0 0
 0 0 0 0 0


 0 0 0 0 0 0 0 0
 0 0 0 0 0 0 0 0
 0 0 0 0 0 0 0 0
 1 1 0 0 0 0 1 1
 1 1 0 0 0 0 1 1
 1 1 0 0 0 0 1 1
 1 1 0 0 0 0 1 1
 1 1 0 0 0 0 1 1
 1 1 0 0 0 0 1 1
 1 1 0 0 0 0 1 1
 1 1 1 0 0 1 1 1
 0 1 1 1 1 1 1 1
 0 0 1 1 1 0 1 1
 0 0 0 0 0 0 0 0
 0 0 0 0 0 0 0 0
 0 0 0 0 0 0 0 0


 0 0 0 0 0 0 0 0
 0 0 0 0 0 0 0 0
 0 0 0 0 0 0 0 0
 1 1 0 0 0 0 1 1
 1 1 0 0 0 0 1 1
 1 1 0 0 0 0 1 1
 1 1 0 0 0 0 1 1
 1 1 0 0 0 0 1 1
 0 1 1 0 0 1 1 0
 0 1 1 0 0 1 1 0
 0 0 1 1 1 1 0 0
 0 0 1 1 1 1 0 0
 0 0 0 1 1 0 0 0
 0 0 0 0 0 0 0 0
 0 0 0 0 0 0 0 0
 0 0 0 0 0 0 0 0


 0 0 0 0 0 0 0 0 0 0 0 0
 0 0 0 0 0 0 0 0 0 0 0 0
 0 0 0 0 0 0 0 0 0 0 0 0
 1 1 0 0 0 1 1 0 0 0 1 1
 1 1 0 0 0 1 1 0 0 0 1 1
 1 1 0 0 0 1 1 0 0 0 1 1
 1 1 0 0 0 1 1 0 0 0 1 1
 1 1 0 0 0 1 1 0 0 0 1 1
 1 1 1 0 1 1 1 1 0 1 1 1
 0 1 1 0 1 1 1 1 0 1 1 0
 0 1 1 1 1 0 0 1 1 1 1 0
 0 0 1 1 1 0 0 1 1 1 0 0
 0 0 1 1 0 0 0 0 1 1 0 0
 0 0 0 0 0 0 0 0 0 0 0 0
 0 0 0 0 0 0 0 0 0 0 0 0
 0 0 0 0 0 0 0 0 0 0 0 0


 0 0 0 0 0 0 0
 0 0 0 0 0 0 0
 0 0 0 0 0 0 0
 1 1 0 0 0 1 1
 1 1 0 0 0 1 1
 0 1 1 0 1 1 0
 0 1 1 0 1 1 0
 0 0 1 1 1 0 0
 0 0 1 1 1 0 0
 0 1 1 0 1 1 0
 0 1 1 0 1 1 0
 1 1 0 0 0 1 1
 1 1 0 0 0 1 1
 0 0 0 0 0 0 0
 0 0 0 0 0 0 0
 0 0 0 0 0 0 0


 0 0 0 0 0 0 0 0
 0 0 0 0 0 0 0 0
 0 0 0 0 0 0 0 0
 1 1 0 0 0 0 1 1
 1 1 0 0 0 0 1 1
 1 1 0 0 0 0 1 1
 1 1 0 0 0 0 1 1
 1 1 0 0 0 0 1 1
 1 1 0 0 0 0 1 1
 1 1 0 0 0 0 1 1
 1 1 1 0 0 1 1 1
 0 1 1 1 1 1 1 1
 0 0 1 1 1 0 1 1
 0 0 0 0 0 0 1 1
 0 1 1 1 1 1 1 0
 0 0 1 1 1 1 0 0


 0 0 0 0 0 0 0
 0 0 0 0 0 0 0
 0 0 0 0 0 0 0
 1 1 1 1 1 1 1
 1 1 1 1 1 1 1
 0 0 0 0 0 1 1
 0 0 0 0 1 1 0
 0 0 0 1 1 0 0
 0 0 1 1 0 0 0
 0 1 1 0 0 0 0
 1 1 0 0 0 0 0
 1 1 1 1 1 1 1
 1 1 1 1 1 1 1
 0 0 0 0 0 0 0
 0 0 0 0 0 0 0
 0 0 0 0 0 0 0
